0.01 0.01 0.01 0.00996869 0.0088029 0.00915084 0.00699014 0.0127743 0.0131222
0.01 0.01 0.01 0.00996869 0.0088029 0.00915084 0.00699014 0.0127743 0.0131222
0.01 0.01 0.01 0.0106571 0.0102518 0.0101537 0.00776715 0.0141051 0.014007
0.01 0.01 0.01 0.0101039 0.00970202 0.00932732 0.00736275 0.0133569 0.0129822
0.01 0.01 0.01 0.00833587 0.00887328 0.00852535 0.00589069 0.0121335 0.0117856
0.01 0.01 0.01 0.0100546 0.00958569 0.00958569 0.00737382 0.01316 0.01316
0.01 0.01 0.01 0.0115237 0.0119573 0.0115737 0.00811922 0.0164966 0.016113
0.01 0.01 0.01 0.00997567 0.0101461 0.0103869 0.00728532 0.0137332 0.0139741
0.01 0.01 0.01 0.00851564 0.00967394 0.00925464 0.00605745 0.0129515 0.0125322
0.01 0.01 0.01 0.00928578 0.0095574 0.00922731 0.00649864 0.0132736 0.0129435
0.01 0.01 0.01 0.0105095 0.00943434 0.0102105 0.00758563 0.0133328 0.0141089
0.01 0.01 0.01 0.0111318 0.0113485 0.0111879 0.00795882 0.0155791 0.0154185
0.01 0.01 0.01 0.0101394 0.00964164 0.0101145 0.00733823 0.0133765 0.0138494
0.01 0.01 0.01 0.00976805 0.00944756 0.00955461 0.00715821 0.0129273 0.0130344
0.01 0.01 0.01 0.0103634 0.0101883 0.0103846 0.00757823 0.0139018 0.0140981
0.01 0.01 0.01 0.0091753 0.00852131 0.0083072 0.00663211 0.0119122 0.0116981
0.01 0.01 0.01 0.01143 0.011107 0.0102684 0.00814464 0.0154874 0.0146488
0.01 0.01 0.01 0.0100605 0.00998091 0.0101504 0.00735764 0.0135847 0.0137542
0.01 0.01 0.01 0.0102433 0.0099063 0.00912122 0.00719352 0.0139726 0.0131875
0.01 0.01 0.01 0.00996278 0.00899284 0.00925156 0.00708811 0.0128257 0.0130845
0.01 0.01 0.01 0.00910865 0.00962452 0.00957099 0.00642099 0.0132081 0.0131545
0.01 0.01 0.01 0.0106514 0.0106756 0.0107915 0.00763915 0.0146919 0.0148079
0.01 0.01 0.01 0.00971912 0.0104881 0.0102651 0.00705191 0.0140444 0.0138214
0.01 0.01 0.01 0.0104716 0.0113055 0.0102974 0.00770755 0.0149908 0.0139827
0.01 0.01 0.01 0.0101346 0.00985609 0.0096509 0.00711054 0.0138882 0.013683
0.01 0.01 0.01 0.00940562 0.01049 0.00955324 0.00682323 0.0139332 0.0129964
0.01 0.01 0.01 0.00975906 0.0101488 0.00976515 0.0070248 0.0137945 0.0134108
0.01 0.01 0.01 0.0106345 0.0102689 0.00966228 0.00772049 0.0141543 0.0135477
0.01 0.01 0.01 0.0101139 0.00933748 0.00918582 0.00739088 0.0129682 0.0128166
0.01 0.01 0.01 0.0109986 0.0113701 0.011495 0.00785775 0.0155578 0.0156827
0.01 0.01 0.05 0.0105877 0.0100713 0.048433 0.00960341 0.0113836 0.0497453
0.01 0.01 0.05 0.0105877 0.0100713 0.048433 0.00960341 0.0113836 0.0497453
0.01 0.01 0.05 0.0104839 0.00987151 0.048822 0.00913025 0.0116764 0.0506269
0.01 0.01 0.05 0.0101965 0.0107619 0.050096 0.00914745 0.0121607 0.0514948
0.01 0.01 0.05 0.00774098 0.00879517 0.048388 0.0069892 0.00979755 0.0493904
0.01 0.01 0.05 0.0102214 0.0105467 0.0484713 0.00946953 0.0115492 0.0494737
0.01 0.01 0.05 0.0100942 0.0106643 0.0502304 0.00877449 0.0124239 0.0519899
0.01 0.01 0.05 0.0109301 0.0116564 0.0517399 0.00963247 0.0133866 0.0534701
0.01 0.01 0.05 0.00902824 0.00949764 0.0481091 0.00799754 0.0108719 0.0494834
0.01 0.01 0.05 0.00926174 0.0103437 0.0492496 0.00837261 0.0115292 0.0504351
0.01 0.01 0.05 0.0092492 0.00822771 0.0497743 0.00808376 0.00978162 0.0513282
0.01 0.01 0.05 0.0105771 0.0112558 0.0508487 0.00916656 0.0131365 0.0527293
0.01 0.01 0.05 0.0110789 0.0106128 0.0502591 0.0095121 0.0127018 0.0523482
0.01 0.01 0.05 0.0106929 0.0111013 0.050944 0.00930478 0.0129522 0.0527948
0.01 0.01 0.05 0.0120965 0.0120909 0.052112 0.010428 0.0143155 0.0543366
0.01 0.01 0.05 0.00987902 0.0100929 0.0490344 0.00841022 0.0120513 0.0509928
0.01 0.01 0.05 0.00927202 0.00862642 0.0487545 0.00832894 0.00988387 0.050012
0.01 0.01 0.05 0.00957072 0.0102959 0.0502723 0.0086538 0.0115184 0.0514949
0.01 0.01 0.05 0.00924726 0.00901056 0.0497364 0.00825679 0.0103312 0.051057
0.01 0.01 0.05 0.00978264 0.0107025 0.0504738 0.0087384 0.0120949 0.0518661
0.01 0.01 0.05 0.0088117 0.00888907 0.0479199 0.0075854 0.0105241 0.0495549
0.01 0.01 0.05 0.0111133 0.0121144 0.0520373 0.00986363 0.0137806 0.0537035
0.01 0.01 0.05 0.00832829 0.00842823 0.0483065 0.00763742 0.00934939 0.0492277
0.01 0.01 0.05 0.0116721 0.0128258 0.0518209 0.0107359 0.0140741 0.0530692
0.01 0.01 0.05 0.0100912 0.0092898 0.0486953 0.00897083 0.0107836 0.0501891
0.01 0.01 0.05 0.0109551 0.0106088 0.0495325 0.00986175 0.0120665 0.0509903
0.01 0.01 0.05 0.0100891 0.0102029 0.0499474 0.00858009 0.0122149 0.0519594
0.01 0.01 0.05 0.0100823 0.0108232 0.049845 0.00894702 0.0123369 0.0513587
0.01 0.01 0.05 0.00897416 0.00769712 0.0468082 0.00782945 0.0092234 0.0483345
0.01 0.01 0.05 0.0108994 0.0111901 0.050105 0.00948526 0.0130757 0.0519905
0.01 0.01 0.1 0.0123541 0.00993983 0.0999292 0.0120647 0.0103257 0.100315
0.01 0.01 0.1 0.0123541 0.00993983 0.0999292 0.0120647 0.0103257 0.100315
0.01 0.01 0.1 0.0101025 0.0105101 0.0999374 0.0101676 0.0104233 0.0998506
0.01 0.01 0.1 0.008747 0.0119793 0.101103 0.00972649 0.0106734 0.0997974
0.01 0.01 0.1 0.00987431 0.0117637 0.102163 0.0106022 0.0107932 0.101193
0.01 0.01 0.1 0.0101699 0.012514 0.101593 0.0113709 0.0109126 0.099992
0.01 0.01 0.1 0.00991947 0.00906359 0.101863 0.00952971 0.00958328 0.102383
0.01 0.01 0.1 0.0102763 0.0140887 0.103596 0.0109817 0.0131481 0.102656
0.01 0.01 0.1 0.00841768 0.0087642 0.0963448 0.00822945 0.00901518 0.0965958
0.01 0.01 0.1 0.00761811 0.00958321 0.0974582 0.00790252 0.009204 0.097079
0.01 0.01 0.1 0.00948557 0.0104614 0.101896 0.0103058 0.0093678 0.100802
0.01 0.01 0.1 0.010124 0.012003 0.102688 0.0105429 0.0114445 0.10213
0.01 0.01 0.1 0.0088273 0.00923238 0.0987579 0.0092225 0.00870545 0.0982309
0.01 0.01 0.1 0.0109512 0.00771399 0.0982476 0.010716 0.00802756 0.0985611
0.01 0.01 0.1 0.0112227 0.0120595 0.10254 0.0114393 0.0117708 0.102251
0.01 0.01 0.1 0.0098223 0.00976536 0.0989964 0.00953164 0.0101529 0.099384
0.01 0.01 0.1 0.00933255 0.0104964 0.0998167 0.00929276 0.0105494 0.0998697
0.01 0.01 0.1 0.01021 0.00820805 0.0992948 0.00948113 0.00917989 0.100267
0.01 0.01 0.1 0.00846311 0.00681799 0.0973516 0.00889966 0.00623592 0.0967695
0.01 0.01 0.1 0.0113848 0.010686 0.101728 0.0119878 0.00988209 0.100924
0.01 0.01 0.1 0.00877961 0.0112856 0.100392 0.00837917 0.0118196 0.100926
0.01 0.01 0.1 0.010629 0.00991218 0.100767 0.0103145 0.0103316 0.101186
0.01 0.01 0.1 0.00931433 0.00948032 0.0994429 0.0101245 0.00840014 0.0983628
0.01 0.01 0.1 0.0103376 0.0106518 0.0998918 0.0107832 0.0100577 0.0992977
0.01 0.01 0.1 0.0103239 0.0106441 0.0991526 0.0102131 0.0107919 0.0993003
0.01 0.01 0.1 0.0101381 0.011347 0.100881 0.0099488 0.0115994 0.101134
0.01 0.01 0.1 0.00880711 0.0115091 0.101186 0.00967416 0.010353 0.10003
0.01 0.01 0.1 0.0113335 0.0120419 0.10047 0.0113853 0.0119728 0.100401
0.01 0.01 0.1 0.0102868 0.00910704 0.0999172 0.0104735 0.00885808 0.0996682
0.01 0.01 0.1 0.0087408 0.0098809 0.0992726 0.00878321 0.00982436 0.099216
0.01 0.05 0.01 0.00992279 0.0458876 0.00647325 0.00809899 0.0483194 0.00890498
0.01 0.05 0.01 0.00992279 0.0458876 0.00647325 0.00809899 0.0483194 0.00890498
0.01 0.05 0.01 0.00958278 0.0516728 0.0107418 0.00871869 0.0528249 0.0118939
0.01 0.05 0.01 0.00974678 0.0494775 0.00983111 0.00824587 0.0514787 0.0118323
0.01 0.05 0.01 0.00909905 0.0489756 0.00917762 0.00792074 0.0505467 0.0107487
0.01 0.05 0.01 0.0105993 0.0471963 0.00776408 0.00885804 0.0495181 0.0100858
0.01 0.05 0.01 0.0117018 0.0523327 0.0117228 0.00927123 0.0555734 0.0149635
0.01 0.05 0.01 0.0101629 0.0490397 0.00968773 0.00860171 0.0511213 0.0117693
0.01 0.05 0.01 0.00931876 0.049541 0.0092969 0.0081515 0.0510973 0.0108533
0.01 0.05 0.01 0.0102815 0.0499609 0.00899416 0.00861486 0.0521831 0.0112164
0.01 0.05 0.01 0.010152 0.0490932 0.00926839 0.00830302 0.0515585 0.0117338
0.01 0.05 0.01 0.0106882 0.0507191 0.010359 0.00904925 0.0529044 0.0125443
0.01 0.05 0.01 0.00983955 0.0491977 0.00908746 0.0087462 0.0506555 0.0105453
0.01 0.05 0.01 0.00972447 0.0453718 0.00620721 0.00819159 0.0474157 0.00825105
0.01 0.05 0.01 0.01052 0.0508523 0.0105369 0.0091241 0.0527135 0.0123981
0.01 0.05 0.01 0.0104644 0.0452696 0.00589089 0.00848437 0.0479096 0.00853086
0.01 0.05 0.01 0.0112905 0.0521138 0.0112987 0.00910766 0.0550242 0.0142092
0.01 0.05 0.01 0.0085945 0.0548632 0.0141819 0.00863379 0.0548108 0.0141295
0.01 0.05 0.01 0.0111313 0.0489449 0.00777302 0.00909705 0.0516572 0.0104853
0.01 0.05 0.01 0.0100428 0.0461048 0.00677069 0.00828262 0.0484517 0.00911756
0.01 0.05 0.01 0.00875087 0.0466309 0.00708271 0.00766534 0.0480783 0.00853008
0.01 0.05 0.01 0.01129 0.0508531 0.01242 0.00952209 0.0532102 0.0147772
0.01 0.05 0.01 0.00985528 0.0512575 0.0108974 0.00860393 0.0529259 0.0125659
0.01 0.05 0.01 0.00944503 0.053365 0.0127551 0.00847757 0.0546549 0.0140451
0.01 0.05 0.01 0.0101278 0.047461 0.0073864 0.0087348 0.0493183 0.00924368
0.01 0.05 0.01 0.0100452 0.053319 0.0116921 0.00880031 0.0549789 0.013352
0.01 0.05 0.01 0.00800563 0.048951 0.00788619 0.00733 0.0498519 0.00878703
0.01 0.05 0.01 0.00996057 0.0487893 0.00833108 0.00861572 0.0505824 0.0101242
0.01 0.05 0.01 0.0105916 0.0485982 0.00819352 0.00879354 0.0509955 0.0105909
0.01 0.05 0.01 0.0101798 0.0509549 0.0116832 0.00871411 0.0529091 0.0136374
0.01 0.05 0.05 0.010652 0.0516126 0.0496946 0.0123552 0.0493418 0.0474237
0.01 0.05 0.05 0.010652 0.0516126 0.0496946 0.0123552 0.0493418 0.0474237
0.01 0.05 0.05 0.00967714 0.0536147 0.052107 0.0124613 0.0499025 0.0483948
0.01 0.05 0.05 0.0109206 0.0519567 0.0513055 0.0134536 0.0485794 0.0479281
0.01 0.05 0.05 0.00926235 0.0480557 0.0482073 0.0116814 0.0448302 0.0449819
0.01 0.05 0.05 0.0114627 0.0496084 0.0475208 0.0128589 0.0477467 0.0456592
0.01 0.05 0.05 0.0102471 0.0489274 0.0479014 0.0122317 0.0462813 0.0452553
0.01 0.05 0.05 0.00997759 0.0518616 0.0516386 0.013208 0.0475544 0.0473314
0.01 0.05 0.05 0.00986122 0.046789 0.0453348 0.0121011 0.0438025 0.0423483
0.01 0.05 0.05 0.00895173 0.049094 0.0473901 0.0118308 0.0452552 0.0435513
0.01 0.05 0.05 0.0103267 0.0476119 0.0493961 0.0123122 0.0449646 0.0467488
0.01 0.05 0.05 0.0108095 0.0507524 0.049887 0.0129275 0.0479284 0.047063
0.01 0.05 0.05 0.011096 0.0512287 0.0507737 0.013297 0.048294 0.047839
0.01 0.05 0.05 0.0113203 0.0480556 0.0483054 0.0128097 0.0460698 0.0463196
0.01 0.05 0.05 0.0107077 0.0552316 0.0549907 0.0124329 0.0529314 0.0526905
0.01 0.05 0.05 0.0106269 0.0492533 0.0482987 0.0118917 0.0475669 0.0466123
0.01 0.05 0.05 0.0100928 0.0483659 0.0477414 0.0125221 0.0451268 0.0445023
0.01 0.05 0.05 0.00822976 0.0533468 0.0529721 0.0116801 0.0487463 0.0483716
0.01 0.05 0.05 0.0101298 0.0473802 0.0475408 0.0117309 0.0452455 0.045406
0.01 0.05 0.05 0.0100265 0.0494166 0.0491311 0.0121208 0.0466242 0.0463387
0.01 0.05 0.05 0.0105958 0.0473051 0.0454851 0.0118136 0.0456814 0.0438615
0.01 0.05 0.05 0.0115448 0.0505652 0.0511719 0.0136775 0.0477217 0.0483283
0.01 0.05 0.05 0.00861942 0.0479376 0.0476343 0.0121163 0.0432751 0.0429718
0.01 0.05 0.05 0.00978463 0.0564754 0.0548874 0.0132278 0.0518845 0.0502965
0.01 0.05 0.05 0.0112107 0.0461342 0.0455008 0.0130699 0.0436551 0.0430217
0.01 0.05 0.05 0.0102059 0.0521424 0.0501797 0.013375 0.047917 0.0459543
0.01 0.05 0.05 0.00806252 0.0536868 0.0529999 0.0120639 0.0483517 0.0476647
0.01 0.05 0.05 0.00908392 0.0514537 0.0502047 0.0121958 0.0473045 0.0460556
0.01 0.05 0.05 0.00994084 0.047177 0.0453838 0.0125634 0.0436803 0.0418872
0.01 0.05 0.05 0.00940122 0.0527732 0.0517918 0.0123128 0.0488911 0.0479097
0.01 0.05 0.1 0.0110288 0.0510192 0.100996 0.0175271 0.0423548 0.0923321
0.01 0.05 0.1 0.0110288 0.0510192 0.100996 0.0175271 0.0423548 0.0923321
0.01 0.05 0.1 0.00994418 0.0490972 0.0986195 0.0157181 0.0413987 0.090921
0.01 0.05 0.1 0.00821915 0.0514233 0.100999 0.0149021 0.0425127 0.0920884
0.01 0.05 0.1 0.0105139 0.0540986 0.105004 0.0176788 0.0445453 0.0954504
0.01 0.05 0.1 0.00897737 0.0565114 0.106132 0.0174531 0.0452105 0.0948309
0.01 0.05 0.1 0.0116408 0.0481355 0.101226 0.0167054 0.0413827 0.0944735
0.01 0.05 0.1 0.00948079 0.0544877 0.104536 0.0171946 0.0442026 0.0942512
0.01 0.05 0.1 0.0105192 0.0463278 0.0935841 0.0162944 0.0386276 0.0858839
0.01 0.05 0.1 0.00668671 0.0525042 0.0997783 0.0146467 0.0418909 0.0891649
0.01 0.05 0.1 0.0103865 0.0491317 0.101152 0.0186945 0.0380544 0.0900746
0.01 0.05 0.1 0.00952298 0.0516225 0.102528 0.0153266 0.0438844 0.0947894
0.01 0.05 0.1 0.0104757 0.0453845 0.0946302 0.0162582 0.0376745 0.0869202
0.01 0.05 0.1 0.0132181 0.0444199 0.0960119 0.0177959 0.0383161 0.0899081
0.01 0.05 0.1 0.00752003 0.0536429 0.105172 0.0151756 0.0434355 0.094965
0.01 0.05 0.1 0.0104036 0.0505914 0.100631 0.017224 0.0414975 0.0915372
0.01 0.05 0.1 0.00852271 0.0551929 0.103957 0.0160557 0.0451489 0.0939129
0.01 0.05 0.1 0.00693311 0.0494317 0.100712 0.0135711 0.040581 0.0918608
0.01 0.05 0.1 0.00906931 0.0469606 0.0972144 0.0142806 0.0400122 0.0902661
0.01 0.05 0.1 0.0117892 0.0470143 0.0988294 0.0157785 0.0416952 0.0935103
0.01 0.05 0.1 0.0100847 0.0483507 0.0973823 0.0142608 0.0427825 0.0918141
0.01 0.05 0.1 0.0121754 0.0469676 0.0990325 0.0160114 0.0418529 0.0939178
0.01 0.05 0.1 0.0096929 0.0474166 0.0976615 0.0152352 0.0400269 0.0902718
0.01 0.05 0.1 0.008111 0.0536092 0.102587 0.0142027 0.0454868 0.0944649
0.01 0.05 0.1 0.00887115 0.0530638 0.101221 0.0139556 0.0462845 0.0944418
0.01 0.05 0.1 0.0105001 0.0516591 0.100735 0.0159558 0.0443848 0.093461
0.01 0.05 0.1 0.00771296 0.0524623 0.101967 0.0131714 0.0451844 0.0946889
0.01 0.05 0.1 0.01026 0.0560626 0.10455 0.0178821 0.0458998 0.0943872
0.01 0.05 0.1 0.00900212 0.0517708 0.102551 0.0153979 0.0432431 0.0940233
0.01 0.05 0.1 0.00853067 0.0480819 0.0974704 0.014567 0.0400336 0.089422
0.01 0.1 0.01 0.0106955 0.0965368 0.00714519 0.0126437 0.0939392 0.00454758
0.01 0.1 0.01 0.0106955 0.0965368 0.00714519 0.0126437 0.0939392 0.00454758
0.01 0.1 0.01 0.00873369 0.101207 0.0111912 0.0121512 0.0966506 0.0066345
0.01 0.1 0.01 0.0127841 0.0990708 0.00890302 0.0125647 0.0993634 0.00919561
0.01 0.1 0.01 0.00878446 0.100073 0.0104675 0.0116406 0.0962651 0.00665934
0.01 0.1 0.01 0.0115606 0.0995318 0.00938188 0.0137293 0.0966402 0.0064902
0.01 0.1 0.01 0.013066 0.103481 0.0113859 0.0135967 0.102773 0.0106782
0.01 0.1 0.01 0.0114929 0.0983086 0.00818543 0.0132 0.0960325 0.00590932
0.01 0.1 0.01 0.0117073 0.100806 0.0108788 0.0124122 0.0998659 0.00993897
0.01 0.1 0.01 0.0115662 0.0987311 0.00785847 0.0128613 0.0970044 0.00613177
0.01 0.1 0.01 0.0112365 0.0953344 0.00561266 0.0122396 0.0939969 0.00427519
0.01 0.1 0.01 0.00994912 0.0988845 0.00852937 0.0122697 0.0957904 0.00543522
0.01 0.1 0.01 0.0103701 0.10333 0.0127696 0.0128595 0.100011 0.00945035
0.01 0.1 0.01 0.00924231 0.0985265 0.00913484 0.0120004 0.0948491 0.00545745
0.01 0.1 0.01 0.011015 0.102327 0.0114545 0.0130672 0.0995907 0.00871807
0.01 0.1 0.01 0.0119056 0.0937141 0.00359979 0.0116937 0.0939965 0.00388221
0.01 0.1 0.01 0.0126938 0.0990222 0.00809612 0.0129943 0.0986216 0.00769544
0.01 0.1 0.01 0.00771132 0.10746 0.0170158 0.011606 0.102267 0.0118228
0.01 0.1 0.01 0.0112518 0.0989162 0.00749051 0.0125393 0.0971996 0.00577389
0.01 0.1 0.01 0.010489 0.0935872 0.00394572 0.0125975 0.0907758 0.00113438
0.01 0.1 0.01 0.0103224 0.0973465 0.00738387 0.0113612 0.0959614 0.0059988
0.01 0.1 0.01 0.0100186 0.101783 0.01298 0.0126577 0.0982641 0.00946125
0.01 0.1 0.01 0.00920577 0.102242 0.0111914 0.0123571 0.0980406 0.00698962
0.01 0.1 0.01 0.0106351 0.103549 0.0129171 0.0113228 0.102632 0.0120001
0.01 0.1 0.01 0.0106229 0.0948261 0.00583592 0.0128881 0.0918058 0.00281556
0.01 0.1 0.01 0.0102223 0.102279 0.0102551 0.0119572 0.0999653 0.0079419
0.01 0.1 0.01 0.0090898 0.100225 0.00854092 0.0114995 0.0970124 0.00532793
0.01 0.1 0.01 0.0114284 0.0975364 0.00710984 0.012635 0.0959275 0.00550099
0.01 0.1 0.01 0.0102489 0.101255 0.0109442 0.0126988 0.0979882 0.00767764
0.01 0.1 0.01 0.00769406 0.104193 0.0142394 0.0116376 0.098935 0.00898128
0.01 0.1 0.05 0.0125974 0.101518 0.0498274 0.0212028 0.0900438 0.0383536
0.01 0.1 0.05 0.0125974 0.101518 0.0498274 0.0212028 0.0900438 0.0383536
0.01 0.1 0.05 0.0101431 0.0981967 0.0476217 0.0190874 0.086271 0.035696
0.01 0.1 0.05 0.0156308 0.0963157 0.0451162 0.0213432 0.0886992 0.0374997
0.01 0.1 0.05 0.00717472 0.102064 0.0523182 0.0177218 0.0880007 0.0382554
0.01 0.1 0.05 0.0124407 0.0998539 0.0475214 0.0207475 0.0887782 0.0364457
0.01 0.1 0.05 0.00889206 0.100242 0.048748 0.0199576 0.0854879 0.033994
0.01 0.1 0.05 0.00964101 0.104536 0.0529263 0.0215521 0.0886546 0.0370448
0.01 0.1 0.05 0.0128208 0.0922466 0.0408598 0.018887 0.0841584 0.0327716
0.01 0.1 0.05 0.0103663 0.100786 0.0488016 0.0185127 0.0899242 0.0379397
0.01 0.1 0.05 0.0102788 0.0961042 0.0474295 0.0197518 0.0834735 0.0347988
0.01 0.1 0.05 0.0108973 0.0978023 0.047718 0.0174639 0.0890469 0.0389626
0.01 0.1 0.05 0.012772 0.101363 0.0501544 0.0209604 0.0904449 0.0392365
0.01 0.1 0.05 0.0110159 0.0977873 0.0474086 0.0198781 0.085971 0.0355923
0.01 0.1 0.05 0.00930896 0.105746 0.0551979 0.0179874 0.0941748 0.0436266
0.01 0.1 0.05 0.0109014 0.101776 0.0493902 0.0190605 0.0908974 0.0385114
0.01 0.1 0.05 0.0120689 0.0947187 0.0437333 0.0179372 0.0868943 0.035909
0.01 0.1 0.05 0.00835785 0.105012 0.0542671 0.0175462 0.0927604 0.042016
0.01 0.1 0.05 0.00799435 0.0978106 0.0485382 0.0149562 0.0885281 0.0392556
0.01 0.1 0.05 0.00914577 0.101373 0.0514583 0.0195816 0.0874588 0.037544
0.01 0.1 0.05 0.0116314 0.0964334 0.0442615 0.0183723 0.0874456 0.0352737
0.01 0.1 0.05 0.011883 0.0983217 0.0483177 0.0194009 0.0882978 0.0382938
0.01 0.1 0.05 0.0077696 0.101595 0.0510383 0.0183769 0.0874524 0.0368952
0.01 0.1 0.05 0.0118182 0.100021 0.048946 0.0191911 0.0901901 0.0391155
0.01 0.1 0.05 0.00968178 0.0968612 0.0467679 0.0194928 0.0837798 0.0336866
0.01 0.1 0.05 0.0089911 0.102893 0.0505246 0.0170265 0.0921789 0.0398107
0.01 0.1 0.05 0.00656585 0.108038 0.0558038 0.0175302 0.093419 0.0411846
0.01 0.1 0.05 0.0107246 0.0996192 0.0477685 0.0177052 0.0903117 0.038461
0.01 0.1 0.05 0.00781807 0.101635 0.0496147 0.0189581 0.0867816 0.0347613
0.01 0.1 0.05 0.0102176 0.101114 0.0488979 0.0179996 0.0907385 0.038522
0.01 0.1 0.1 0.0170898 0.0957358 0.0958964 0.0276793 0.0816164 0.081777
0.01 0.1 0.1 0.0170898 0.0957358 0.0958964 0.0276793 0.0816164 0.081777
0.01 0.1 0.1 0.0109667 0.0960063 0.0956762 0.0273767 0.0741262 0.0737961
0.01 0.1 0.1 0.00974116 0.0992008 0.0982641 0.0258898 0.0776693 0.0767326
0.01 0.1 0.1 0.013293 0.100564 0.10167 0.025287 0.0845721 0.0856784
0.01 0.1 0.1 0.0089574 0.108257 0.107213 0.0329204 0.0763059 0.0752621
0.01 0.1 0.1 0.00388581 0.108803 0.110917 0.0284643 0.0760313 0.0781456
0.01 0.1 0.1 0.010066 0.104854 0.103382 0.0238771 0.0864389 0.0849669
0.01 0.1 0.1 0.0168964 0.0861104 0.0834518 0.0285685 0.0705475 0.067889
0.01 0.1 0.1 0.00391463 0.105695 0.102635 0.0224497 0.0809817 0.0779217
0.01 0.1 0.1 0.00709493 0.105005 0.105487 0.0289369 0.0758823 0.0763641
0.01 0.1 0.1 0.0105521 0.096728 0.099226 0.0246674 0.0779077 0.0804057
0.01 0.1 0.1 0.0101643 0.0984545 0.0968576 0.0267137 0.0763887 0.0747918
0.01 0.1 0.1 0.0131003 0.097843 0.0990474 0.0321434 0.0724522 0.0736566
0.01 0.1 0.1 0.0033616 0.111829 0.112721 0.0250272 0.0829418 0.0838339
0.01 0.1 0.1 0.0156401 0.0946907 0.0942357 0.0239018 0.0836751 0.0832201
0.01 0.1 0.1 0.0158574 0.0991086 0.0963519 0.0280685 0.0828271 0.0800704
0.01 0.1 0.1 0.00545853 0.0996182 0.0997609 0.0228253 0.0764625 0.0766053
0.01 0.1 0.1 0.0062157 0.100832 0.100788 0.0218666 0.0799646 0.07992
0.01 0.1 0.1 0.00960888 0.101263 0.102512 0.0247347 0.0810951 0.0823441
0.01 0.1 0.1 0.0159874 0.0944487 0.0932532 0.0312771 0.0740624 0.0728669
0.01 0.1 0.1 0.0195368 0.0871803 0.0891341 0.0246894 0.0803102 0.0822639
0.01 0.1 0.1 0.0132856 0.0939157 0.0934874 0.0263503 0.0764961 0.0760678
0.01 0.1 0.1 0.00979796 0.0995542 0.0983409 0.0244153 0.0800645 0.0788512
0.01 0.1 0.1 0.0117667 0.0982427 0.0962532 0.0261492 0.079066 0.0770765
0.01 0.1 0.1 0.0127644 0.0973025 0.0963301 0.024031 0.0822805 0.081308
0.01 0.1 0.1 0.00779656 0.104954 0.103723 0.0210686 0.0872577 0.0860266
0.01 0.1 0.1 0.0183493 0.0959811 0.0952852 0.0334046 0.0759073 0.0752114
0.01 0.1 0.1 0.0114788 0.102034 0.102703 0.0239729 0.0853749 0.086044
0.01 0.1 0.1 0.00668523 0.102235 0.100085 0.0225566 0.0810733 0.0789232
0.05 0.01 0.01 0.0466244 0.00933244 0.00885068 0.0394204 0.0189378 0.018456
0.05 0.01 0.01 0.0466244 0.00933244 0.00885068 0.0394204 0.0189378 0.018456
0.05 0.01 0.01 0.0509702 0.0114187 0.010812 0.042561 0.0226309 0.0220243
0.05 0.01 0.01 0.0495366 0.00992296 0.00972669 0.0410641 0.0212197 0.0210234
0.05 0.01 0.01 0.0488832 0.0100659 0.00954845 0.0410549 0.0205037 0.0199863
0.05 0.01 0.01 0.0467427 0.00965586 0.00950419 0.0391012 0.0198445 0.0196929
0.05 0.01 0.01 0.0543357 0.0105336 0.0106138 0.0464787 0.0210095 0.0210898
0.05 0.01 0.01 0.0500995 0.00880826 0.0093257 0.0426832 0.0186967 0.0192141
0.05 0.01 0.01 0.0496489 0.00947411 0.0092154 0.0426793 0.0187669 0.0185082
0.05 0.01 0.01 0.0507904 0.0102669 0.0102402 0.0423356 0.02154 0.0215132
0.05 0.01 0.01 0.0489458 0.0107497 0.01083 0.0406854 0.0217636 0.0218439
0.05 0.01 0.01 0.049741 0.00953344 0.00950667 0.0417009 0.0202535 0.0202268
0.05 0.01 0.01 0.0481711 0.00927272 0.00877313 0.0406891 0.0192488 0.0187492
0.05 0.01 0.01 0.0465497 0.00882073 0.00856202 0.0395545 0.0181477 0.0178889
0.05 0.01 0.01 0.0520167 0.00963321 0.0100079 0.0438113 0.0205736 0.0209483
0.05 0.01 0.01 0.0475131 0.00845956 0.00837034 0.0405609 0.0177291 0.0176399
0.05 0.01 0.01 0.0510973 0.010599 0.0100459 0.0422377 0.0224117 0.0218586
0.05 0.01 0.01 0.0517227 0.0112216 0.0115249 0.0448099 0.0204387 0.020742
0.05 0.01 0.01 0.049572 0.0100969 0.00987386 0.0420588 0.0201145 0.0198914
0.05 0.01 0.01 0.0476742 0.00893396 0.00910347 0.0402278 0.0188624 0.019032
0.05 0.01 0.01 0.0472373 0.00928248 0.00950552 0.0404801 0.018292 0.018515
0.05 0.01 0.01 0.0520254 0.01087 0.0111733 0.0440825 0.0214605 0.0217638
0.05 0.01 0.01 0.0516925 0.0105596 0.0110235 0.0434263 0.0215812 0.0220451
0.05 0.01 0.01 0.0509622 0.0123266 0.0122285 0.0419942 0.0242839 0.0241857
0.05 0.01 0.01 0.0485923 0.0104668 0.0098869 0.0413126 0.0201731 0.0195932
0.05 0.01 0.01 0.0528302 0.0111493 0.0106676 0.0438309 0.0231485 0.0226667
0.05 0.01 0.01 0.0454016 0.00963627 0.00895825 0.0381657 0.0192842 0.0186062
0.05 0.01 0.01 0.0481187 0.00992788 0.00957995 0.0403002 0.0203525 0.0200046
0.05 0.01 0.01 0.0487546 0.00898891 0.00911381 0.0410704 0.0192345 0.0193594
0.05 0.01 0.01 0.0516354 0.0105707 0.0107402 0.043335 0.0216379 0.0218074
0.05 0.01 0.05 0.051227 0.0108031 0.0490845 0.0439837 0.0204609 0.0587423
0.05 0.01 0.05 0.051227 0.0108031 0.0490845 0.0439837 0.0204609 0.0587423
0.05 0.01 0.05 0.0526738 0.0113189 0.0507422 0.0462277 0.0199137 0.0593371
0.05 0.01 0.05 0.0530152 0.0103046 0.0498795 0.0455534 0.0202536 0.0598286
0.05 0.01 0.05 0.0495055 0.00941824 0.0489575 0.0438028 0.0170219 0.0565612
0.05 0.01 0.05 0.0496367 0.00989353 0.0482017 0.041234 0.0210971 0.0594052
0.05 0.01 0.05 0.049821 0.00950468 0.0491778 0.043281 0.0182247 0.0578978
0.05 0.01 0.05 0.0515474 0.00941365 0.0490689 0.0445933 0.0186858 0.058341
0.05 0.01 0.05 0.0475301 0.008762 0.0471861 0.0419653 0.0161817 0.0546059
0.05 0.01 0.05 0.0475299 0.00972455 0.0492014 0.0410273 0.0183947 0.0578715
0.05 0.01 0.05 0.0475022 0.0105418 0.0515531 0.0396935 0.0209533 0.0619647
0.05 0.01 0.05 0.0534084 0.00992328 0.0497748 0.0472017 0.0181989 0.0580504
0.05 0.01 0.05 0.0523492 0.00947589 0.0488724 0.0466884 0.0170237 0.0564203
0.05 0.01 0.05 0.0491783 0.00923025 0.0486268 0.0415815 0.0193594 0.0587559
0.05 0.01 0.05 0.0534782 0.0112087 0.0511851 0.0462928 0.0207892 0.0607657
0.05 0.01 0.05 0.0505175 0.00957742 0.0486528 0.0437761 0.018566 0.0576414
0.05 0.01 0.05 0.0488797 0.0100706 0.0497704 0.0422961 0.0188487 0.0585486
0.05 0.01 0.05 0.0490275 0.011538 0.0515591 0.0412244 0.0219422 0.0619633
0.05 0.01 0.05 0.0466311 0.0105849 0.0510788 0.0389736 0.0207949 0.0612888
0.05 0.01 0.05 0.0500318 0.00969188 0.0497575 0.04318 0.0188276 0.0588933
0.05 0.01 0.05 0.0495645 0.00888443 0.047255 0.0420396 0.0189176 0.0572882
0.05 0.01 0.05 0.0511408 0.00973473 0.0499877 0.0447286 0.0182843 0.0585373
0.05 0.01 0.05 0.0473837 0.0106478 0.0504458 0.0408473 0.0193629 0.0591609
0.05 0.01 0.05 0.0550941 0.0118501 0.0512109 0.0473243 0.0222099 0.0615708
0.05 0.01 0.05 0.04756 0.00974949 0.0490568 0.0408784 0.0186583 0.0579656
0.05 0.01 0.05 0.0504249 0.0109103 0.0500303 0.0450085 0.0181322 0.0572522
0.05 0.01 0.05 0.0510118 0.0117663 0.0511183 0.0441318 0.0209397 0.0602916
0.05 0.01 0.05 0.0464904 0.00975818 0.0483786 0.0400904 0.0182914 0.0569118
0.05 0.01 0.05 0.0499552 0.00890968 0.0482259 0.0448357 0.0157356 0.0550519
0.05 0.01 0.05 0.0527451 0.0109507 0.0495444 0.0443318 0.0221685 0.0607622
0.05 0.01 0.1 0.0524012 0.0101089 0.0994827 0.0488072 0.0149009 0.104275
0.05 0.01 0.1 0.0524012 0.0101089 0.0994827 0.0488072 0.0149009 0.104275
0.05 0.01 0.1 0.0495673 0.0114166 0.101201 0.0421437 0.0213147 0.111099
0.05 0.01 0.1 0.0518687 0.00837406 0.0981761 0.0449478 0.0176019 0.107404
0.05 0.01 0.1 0.0518312 0.0110509 0.101013 0.0441743 0.0212601 0.111223
0.05 0.01 0.1 0.0535609 0.0108253 0.0999315 0.048442 0.0176505 0.106757
0.05 0.01 0.1 0.0497383 0.00962797 0.102588 0.0435002 0.0179455 0.110906
0.05 0.01 0.1 0.0521532 0.00820274 0.0980048 0.0479431 0.0138162 0.103618
0.05 0.01 0.1 0.049433 0.0095279 0.0972513 0.0453777 0.0149349 0.102658
0.05 0.01 0.1 0.0476254 0.0133425 0.10153 0.0414269 0.0216072 0.109794
0.05 0.01 0.1 0.0509338 0.00846309 0.0995409 0.0469723 0.0137451 0.104823
0.05 0.01 0.1 0.0498251 0.00834192 0.0990718 0.0449647 0.0148224 0.105552
0.05 0.01 0.1 0.0470956 0.0103296 0.0994269 0.0391376 0.0209403 0.110038
0.05 0.01 0.1 0.0502873 0.00910405 0.0989596 0.0420513 0.0200854 0.109941
0.05 0.01 0.1 0.0487039 0.0106301 0.101155 0.0419163 0.0196802 0.110205
0.05 0.01 0.1 0.0509782 0.00944425 0.0987735 0.0451553 0.0172082 0.106537
0.05 0.01 0.1 0.0533589 0.0105225 0.0998785 0.0475675 0.0182443 0.1076
0.05 0.01 0.1 0.0469492 0.0100437 0.100774 0.0424815 0.0160007 0.106731
0.05 0.01 0.1 0.0463785 0.0130414 0.103914 0.0374097 0.0249998 0.115872
0.05 0.01 0.1 0.0500202 0.00875798 0.0996306 0.0436841 0.0172062 0.108079
0.05 0.01 0.1 0.0517281 0.00778126 0.0964771 0.0449555 0.0168114 0.105507
0.05 0.01 0.1 0.0515492 0.00866999 0.0996318 0.0461657 0.0158479 0.10681
0.05 0.01 0.1 0.044343 0.0131545 0.103385 0.0384892 0.0209596 0.11119
0.05 0.01 0.1 0.0505964 0.0117871 0.101482 0.0424913 0.0225938 0.112289
0.05 0.01 0.1 0.0498075 0.013333 0.101797 0.0421189 0.0235845 0.112048
0.05 0.01 0.1 0.0526429 0.00865525 0.0985376 0.0454763 0.0182107 0.108093
0.05 0.01 0.1 0.0486565 0.0111225 0.100693 0.0405786 0.021893 0.111463
0.05 0.01 0.1 0.0545688 0.0107689 0.0992952 0.0483948 0.0190009 0.107527
0.05 0.01 0.1 0.0504517 0.0112387 0.102174 0.0448878 0.0186573 0.109592
0.05 0.01 0.1 0.0459433 0.00762664 0.0965276 0.0409137 0.0143328 0.103234
0.05 0.05 0.01 0.0491921 0.0469897 0.00621035 0.0363089 0.0641673 0.0233879
0.05 0.05 0.01 0.0491921 0.0469897 0.00621035 0.0363089 0.0641673 0.0233879
0.05 0.05 0.01 0.0461105 0.0559881 0.015744 0.0333141 0.0730501 0.032806
0.05 0.05 0.01 0.0508892 0.0500457 0.00995327 0.0350385 0.07118 0.0310876
0.05 0.05 0.01 0.0488462 0.0500648 0.00947274 0.0354762 0.0678915 0.0272995
0.05 0.05 0.01 0.0509095 0.0476259 0.00696248 0.0375935 0.0653805 0.0247171
0.05 0.05 0.01 0.0545749 0.0510355 0.00999738 0.0390469 0.0717394 0.0307013
0.05 0.05 0.01 0.0492863 0.0510515 0.0106111 0.0361423 0.0685768 0.0281365
0.05 0.05 0.01 0.0515981 0.050817 0.0110101 0.0371784 0.0700434 0.0302364
0.05 0.05 0.01 0.0501731 0.0493099 0.0095565 0.037905 0.0656674 0.025914
0.05 0.05 0.01 0.0521842 0.0453931 0.00525605 0.037007 0.0656293 0.0254922
0.05 0.05 0.01 0.0491923 0.0469244 0.00663567 0.0351288 0.0656757 0.025387
0.05 0.05 0.01 0.0501413 0.0507308 0.00974622 0.0350868 0.0708035 0.029819
0.05 0.05 0.01 0.050445 0.0454102 0.00505013 0.036922 0.0634409 0.0230808
0.05 0.05 0.01 0.0541528 0.0482821 0.00835916 0.0392652 0.0681323 0.0282094
0.05 0.05 0.01 0.0476011 0.0495792 0.00887119 0.0339329 0.0678035 0.0270955
0.05 0.05 0.01 0.0506425 0.0500885 0.00930023 0.0362273 0.0693089 0.0285206
0.05 0.05 0.01 0.0507807 0.0540266 0.0142108 0.037157 0.0721916 0.0323757
0.05 0.05 0.01 0.0517783 0.0472217 0.00693302 0.0379934 0.0656016 0.0253129
0.05 0.05 0.01 0.048587 0.0460669 0.00570679 0.0367618 0.0618339 0.0214738
0.05 0.05 0.01 0.0480167 0.0490121 0.00908026 0.0339379 0.0677838 0.027852
0.05 0.05 0.01 0.0505523 0.0524846 0.0125082 0.0355732 0.0724567 0.0324802
0.05 0.05 0.01 0.0522667 0.0489242 0.00928678 0.03915 0.0664133 0.0267758
0.05 0.05 0.01 0.0509237 0.0524966 0.0122257 0.0351281 0.0735574 0.0332865
0.05 0.05 0.01 0.0488279 0.0484637 0.00868349 0.0367941 0.0645088 0.0247286
0.05 0.05 0.01 0.0529161 0.0504383 0.00968566 0.0367238 0.0720279 0.0312753
0.05 0.05 0.01 0.0487365 0.0475321 0.00685086 0.0346328 0.066337 0.0256558
0.05 0.05 0.01 0.0461398 0.0522169 0.0118033 0.0330458 0.0696755 0.0292619
0.05 0.05 0.01 0.0499798 0.0488524 0.0086083 0.0365609 0.0667443 0.0265002
0.05 0.05 0.01 0.0492184 0.0535609 0.0129243 0.0360213 0.071157 0.0305204
0.05 0.05 0.05 0.0545447 0.0475775 0.04582 0.0449843 0.0603247 0.0585672
0.05 0.05 0.05 0.0545447 0.0475775 0.04582 0.0449843 0.0603247 0.0585672
0.05 0.05 0.05 0.0475032 0.0538062 0.0535564 0.0408565 0.0626684 0.0624186
0.05 0.05 0.05 0.0523913 0.0516191 0.0510927 0.042382 0.0649649 0.0644385
0.05 0.05 0.05 0.0486895 0.0518473 0.0515172 0.0383943 0.0655742 0.0652441
0.05 0.05 0.05 0.0526467 0.0468961 0.0447193 0.0395578 0.064348 0.0621712
0.05 0.05 0.05 0.0501829 0.0477103 0.0472642 0.0414908 0.0592997 0.0588537
0.05 0.05 0.05 0.0544663 0.0469277 0.0454379 0.0443315 0.0604408 0.058951
0.05 0.05 0.05 0.0491064 0.0455045 0.0442377 0.0374363 0.0610645 0.0597977
0.05 0.05 0.05 0.0500226 0.0488213 0.0482415 0.0379556 0.0649107 0.0643308
0.05 0.05 0.05 0.0478372 0.0494855 0.0498959 0.0374283 0.0633641 0.0637744
0.05 0.05 0.05 0.0522388 0.050314 0.0505727 0.0388623 0.0681493 0.068408
0.05 0.05 0.05 0.0548221 0.0492104 0.0476848 0.0450651 0.0622197 0.0606941
0.05 0.05 0.05 0.0496586 0.0478371 0.0466774 0.0398577 0.0609051 0.0597453
0.05 0.05 0.05 0.0501405 0.0531116 0.0532276 0.0388982 0.0681014 0.0682174
0.05 0.05 0.05 0.0493144 0.0528997 0.050937 0.039799 0.0655869 0.0636242
0.05 0.05 0.05 0.0491827 0.0500193 0.0491717 0.0403952 0.061736 0.0608885
0.05 0.05 0.05 0.049489 0.052992 0.0521802 0.0398844 0.0657981 0.0649863
0.05 0.05 0.05 0.0445255 0.0522886 0.053377 0.03527 0.0646292 0.0657176
0.05 0.05 0.05 0.0487689 0.0516894 0.0517161 0.0400818 0.0632722 0.0632989
0.05 0.05 0.05 0.0517257 0.0459394 0.0439053 0.0396009 0.0621057 0.0600716
0.05 0.05 0.05 0.0496695 0.0503585 0.0498321 0.041351 0.0614499 0.0609235
0.05 0.05 0.05 0.0460635 0.0554396 0.0551363 0.0370767 0.067422 0.0671187
0.05 0.05 0.05 0.0525449 0.0526108 0.0521558 0.0420597 0.066591 0.066136
0.05 0.05 0.05 0.0469411 0.050056 0.0498597 0.0379007 0.06211 0.0619137
0.05 0.05 0.05 0.0473552 0.0552779 0.0542252 0.0395204 0.0657243 0.0646716
0.05 0.05 0.05 0.0549287 0.048457 0.0470474 0.0445706 0.0622678 0.0608582
0.05 0.05 0.05 0.0466421 0.050988 0.0492661 0.0361606 0.0649632 0.0632414
0.05 0.05 0.05 0.0493532 0.0493237 0.0485832 0.0425592 0.0583824 0.0576419
0.05 0.05 0.05 0.0545587 0.0489373 0.0465196 0.0431563 0.0641405 0.0617228
0.05 0.05 0.1 0.058712 0.0437117 0.0931091 0.0510897 0.0538747 0.103272
0.05 0.05 0.1 0.058712 0.0437117 0.0931091 0.0510897 0.0538747 0.103272
0.05 0.05 0.1 0.0426956 0.059436 0.108931 0.040224 0.0627314 0.112227
0.05 0.05 0.1 0.0526811 0.0467332 0.0963625 0.0490803 0.0515343 0.101164
0.05 0.05 0.1 0.0520997 0.0509546 0.101271 0.0464869 0.0584382 0.108754
0.05 0.05 0.1 0.0593566 0.0438926 0.0922551 0.0575163 0.0463463 0.0947088
0.05 0.05 0.1 0.0424182 0.0599489 0.112219 0.0434973 0.0585101 0.11078
0.05 0.05 0.1 0.055324 0.0463304 0.0949605 0.0505649 0.0526758 0.101306
0.05 0.05 0.1 0.0484266 0.0484266 0.0963608 0.0453981 0.0524645 0.100399
0.05 0.05 0.1 0.0423034 0.0587885 0.106553 0.036033 0.0671491 0.114914
0.05 0.05 0.1 0.0476769 0.0530803 0.102986 0.0452897 0.0562632 0.106169
0.05 0.05 0.1 0.0517712 0.0425886 0.0940378 0.0452899 0.0512304 0.10268
0.05 0.05 0.1 0.0491183 0.0501311 0.098333 0.0438761 0.0571208 0.105323
0.05 0.05 0.1 0.049293 0.0526161 0.101969 0.0457058 0.0573991 0.106752
0.05 0.05 0.1 0.0509847 0.0493591 0.0996665 0.0448344 0.0575596 0.107867
0.05 0.05 0.1 0.0542993 0.04585 0.0946407 0.046181 0.0566744 0.105465
0.05 0.05 0.1 0.0474899 0.0607552 0.108975 0.0440002 0.0654081 0.113628
0.05 0.05 0.1 0.0497572 0.0435574 0.0932224 0.0428335 0.0527889 0.102454
0.05 0.05 0.1 0.0445292 0.0547544 0.105463 0.041983 0.0581494 0.108858
0.05 0.05 0.1 0.0487446 0.0535294 0.103721 0.047458 0.0552449 0.105436
0.05 0.05 0.1 0.0560026 0.0453086 0.0937514 0.0494446 0.0540525 0.102495
0.05 0.05 0.1 0.0556156 0.0433017 0.0936893 0.0441973 0.0585261 0.108914
0.05 0.05 0.1 0.0507188 0.0456043 0.0953407 0.042731 0.0562547 0.105991
0.05 0.05 0.1 0.0437282 0.0597888 0.109329 0.0414336 0.0628482 0.112388
0.05 0.05 0.1 0.0465528 0.0565688 0.105306 0.0422608 0.0622914 0.111029
0.05 0.05 0.1 0.0518044 0.0495797 0.0996105 0.0448422 0.0588626 0.108893
0.05 0.05 0.1 0.0522082 0.0486122 0.0976705 0.0421276 0.0620529 0.111111
0.05 0.05 0.1 0.0614229 0.0445837 0.0935975 0.0574801 0.0498407 0.0988544
0.05 0.05 0.1 0.0434883 0.0632557 0.114312 0.0459807 0.0599325 0.110989
0.05 0.05 0.1 0.0505906 0.0434864 0.0909746 0.0466637 0.0487224 0.0962106
0.05 0.1 0.01 0.0528891 0.0930376 0.00276273 0.0376398 0.11337 0.0230952
0.05 0.1 0.01 0.0528891 0.0930376 0.00276273 0.0376398 0.11337 0.0230952
0.05 0.1 0.01 0.0482692 0.103203 0.0135347 0.0348667 0.121073 0.0314047
0.05 0.1 0.01 0.0526167 0.0990707 0.00847469 0.0376073 0.119083 0.0284872
0.05 0.1 0.01 0.0533962 0.093818 0.00290083 0.0375168 0.11499 0.0240733
0.05 0.1 0.01 0.0543075 0.0920958 0.00172279 0.0405811 0.110398 0.0200246
0.05 0.1 0.01 0.0576568 0.0988919 0.00725208 0.0397095 0.122822 0.0311818
0.05 0.1 0.01 0.0489049 0.101081 0.0111807 0.0356603 0.11874 0.0288402
0.05 0.1 0.01 0.0506123 0.103304 0.0129576 0.0369824 0.121477 0.0311308
0.05 0.1 0.01 0.0521839 0.100532 0.0105785 0.0374141 0.120225 0.0302715
0.05 0.1 0.01 0.0486786 0.0992108 0.0105328 0.0344245 0.118216 0.0295384
0.05 0.1 0.01 0.0511633 0.0983167 0.00758689 0.0390661 0.114446 0.0237165
0.05 0.1 0.01 0.0468768 0.106685 0.0155269 0.0337335 0.124209 0.0330512
0.05 0.1 0.01 0.0496165 0.0975962 0.00691985 0.0380709 0.11299 0.0223139
0.05 0.1 0.01 0.056356 0.0950213 0.00446098 0.0413742 0.114997 0.0244367
0.05 0.1 0.01 0.0469109 0.10015 0.00889406 0.0346312 0.116523 0.025267
0.05 0.1 0.01 0.0527657 0.0997564 0.00958855 0.0384152 0.11889 0.0287225
0.05 0.1 0.01 0.042897 0.114293 0.0246071 0.0346862 0.125241 0.0355548
0.05 0.1 0.01 0.0516835 0.0944891 0.00446405 0.0374741 0.113435 0.0234099
0.05 0.1 0.01 0.0475354 0.0968468 0.00689311 0.0394397 0.107641 0.0176873
0.05 0.1 0.01 0.048048 0.102809 0.0119538 0.0360636 0.118788 0.027933
0.05 0.1 0.01 0.0531913 0.0955217 0.00551452 0.0415548 0.111037 0.0210298
0.05 0.1 0.01 0.0506524 0.106736 0.0163536 0.0401394 0.120753 0.030371
0.05 0.1 0.01 0.0529127 0.102642 0.012198 0.0398229 0.120096 0.0296511
0.05 0.1 0.01 0.0445584 0.104913 0.015057 0.0379503 0.113723 0.0238677
0.05 0.1 0.01 0.0508841 0.105763 0.0143555 0.0376573 0.123399 0.0319912
0.05 0.1 0.01 0.0520482 0.0922602 0.00121811 0.0393653 0.109171 0.0181287
0.05 0.1 0.01 0.0461735 0.103214 0.0114941 0.0345473 0.118716 0.0269957
0.05 0.1 0.01 0.0534368 0.0934778 0.00411287 0.0391758 0.112492 0.0231275
0.05 0.1 0.01 0.0461386 0.104743 0.0146825 0.0349184 0.119703 0.0296427
0.05 0.1 0.05 0.064221 0.0854581 0.0338928 0.0500545 0.104347 0.0527814
0.05 0.1 0.05 0.064221 0.0854581 0.0338928 0.0500545 0.104347 0.0527814
0.05 0.1 0.05 0.0527509 0.0983977 0.0478584 0.0491136 0.103247 0.052708
0.05 0.1 0.05 0.0531199 0.101209 0.049831 0.045606 0.111227 0.0598494
0.05 0.1 0.05 0.0474411 0.10207 0.051299 0.0445685 0.1059 0.0551291
0.05 0.1 0.05 0.0510503 0.0979862 0.0469651 0.0421562 0.109845 0.058824
0.05 0.1 0.05 0.0570035 0.0919993 0.0419596 0.0501612 0.101122 0.0510827
0.05 0.1 0.05 0.0564616 0.093489 0.0416918 0.05565 0.0945712 0.042774
0.05 0.1 0.05 0.0452098 0.102002 0.0511775 0.0437939 0.10389 0.0530654
0.05 0.1 0.05 0.0450695 0.107573 0.0563381 0.0368516 0.11853 0.0672953
0.05 0.1 0.05 0.0460917 0.101165 0.0524273 0.0362241 0.114321 0.0655842
0.05 0.1 0.05 0.0581024 0.0899879 0.0403229 0.0481681 0.103234 0.0535687
0.05 0.1 0.05 0.047834 0.106722 0.0558973 0.0432573 0.112824 0.0619997
0.05 0.1 0.05 0.0513824 0.0958009 0.0442267 0.0417542 0.108638 0.0570642
0.05 0.1 0.05 0.058191 0.0950845 0.0436085 0.0492267 0.107037 0.0555609
0.05 0.1 0.05 0.0476976 0.108764 0.0563598 0.0448011 0.112626 0.0602218
0.05 0.1 0.05 0.0474175 0.101933 0.0509383 0.0394331 0.112579 0.0615843
0.05 0.1 0.05 0.0473059 0.109442 0.0583227 0.0458171 0.111427 0.0603079
0.05 0.1 0.05 0.0398701 0.106898 0.0585445 0.033327 0.115622 0.0672686
0.05 0.1 0.05 0.0555955 0.0927843 0.0429587 0.0495757 0.100811 0.050985
0.05 0.1 0.05 0.0537694 0.0940097 0.042498 0.0449586 0.105757 0.0542457
0.05 0.1 0.05 0.0591522 0.0870407 0.0369921 0.0531546 0.0950375 0.0449889
0.05 0.1 0.05 0.0462058 0.106032 0.0553857 0.0408912 0.113118 0.0624718
0.05 0.1 0.05 0.0498652 0.105379 0.0555983 0.0396215 0.119038 0.0692566
0.05 0.1 0.05 0.0431907 0.104837 0.0538967 0.0471726 0.0995283 0.0485875
0.05 0.1 0.05 0.0425486 0.110661 0.0585965 0.0419061 0.111518 0.059453
0.05 0.1 0.05 0.0572764 0.0912713 0.0396258 0.0538886 0.0957884 0.0441428
0.05 0.1 0.05 0.046892 0.0999675 0.0476082 0.0393121 0.110074 0.0577147
0.05 0.1 0.05 0.0416238 0.111049 0.0603314 0.0422375 0.110231 0.0595131
0.05 0.1 0.05 0.0582576 0.0929151 0.041332 0.0487229 0.105628 0.0540448
0.05 0.1 0.1 0.070335 0.0807002 0.0800311 0.0643706 0.0886527 0.0879836
0.05 0.1 0.1 0.070335 0.0807002 0.0800311 0.0643706 0.0886527 0.0879836
0.05 0.1 0.1 0.0780401 0.065498 0.0640527 0.0557804 0.0951777 0.0937324
0.05 0.1 0.1 0.056122 0.0944361 0.0931514 0.0593967 0.0900698 0.0887851
0.05 0.1 0.1 0.057109 0.0949017 0.0947322 0.0499667 0.104425 0.104255
0.05 0.1 0.1 0.0602946 0.0949846 0.0931469 0.0629622 0.0914279 0.0895901
0.05 0.1 0.1 0.0536409 0.0936087 0.095839 0.0574861 0.0884818 0.0907121
0.05 0.1 0.1 0.0359002 0.120371 0.118061 0.0581272 0.0907351 0.0884245
0.05 0.1 0.1 0.0529554 0.0940416 0.0919094 0.0505507 0.0972478 0.0951156
0.05 0.1 0.1 0.025445 0.133791 0.131267 0.0520442 0.0983256 0.0958009
0.05 0.1 0.1 0.0490858 0.101373 0.101373 0.0581011 0.0893524 0.0893524
0.05 0.1 0.1 0.0690021 0.0729451 0.0740513 0.064407 0.0790719 0.0801782
0.05 0.1 0.1 0.0345442 0.120905 0.119682 0.0367473 0.117967 0.116745
0.05 0.1 0.1 0.0549706 0.0959062 0.0945769 0.0581918 0.0916112 0.090282
0.05 0.1 0.1 0.0514816 0.099843 0.0993434 0.0641497 0.0829522 0.0824526
0.05 0.1 0.1 0.067937 0.0776423 0.0762149 0.0527525 0.0978883 0.0964609
0.05 0.1 0.1 0.05503 0.104111 0.100935 0.0533909 0.106296 0.10312
0.05 0.1 0.1 0.0507195 0.0978161 0.0971559 0.0564304 0.0902015 0.0895413
0.05 0.1 0.1 0.0365276 0.118234 0.118814 0.0454215 0.106376 0.106956
0.05 0.1 0.1 0.0284876 0.129903 0.129707 0.0420585 0.111809 0.111613
0.05 0.1 0.1 0.0670325 0.0825936 0.0808807 0.0675276 0.0819335 0.0802206
0.05 0.1 0.1 0.0642629 0.0831134 0.084398 0.0660185 0.0807726 0.0820573
0.05 0.1 0.1 0.0458369 0.103897 0.101979 0.0481262 0.100845 0.0989266
0.05 0.1 0.1 0.0425995 0.110528 0.110234 0.0594184 0.0881032 0.0878088
0.05 0.1 0.1 0.0567811 0.0910864 0.0879996 0.0558431 0.0923371 0.0892503
0.05 0.1 0.1 0.046237 0.105574 0.10503 0.0486131 0.102406 0.101862
0.05 0.1 0.1 0.0514316 0.0975428 0.0955979 0.0396224 0.113288 0.111344
0.05 0.1 0.1 0.0526136 0.106396 0.104576 0.0515827 0.107771 0.105951
0.05 0.1 0.1 0.0449772 0.112443 0.113174 0.0528387 0.101961 0.102692
0.05 0.1 0.1 0.0569111 0.0835656 0.0810766 0.0667234 0.0704825 0.0679934
0.1 0.01 0.01 0.098322 0.010405 0.0104139 0.0884252 0.0236006 0.0236096
0.1 0.01 0.01 0.098322 0.010405 0.0104139 0.0884252 0.0236006 0.0236096
0.1 0.01 0.01 0.101121 0.0090011 0.00932226 0.0917491 0.0214966 0.0218178
0.1 0.01 0.01 0.102935 0.00975496 0.00889851 0.0927201 0.0233751 0.0225186
0.1 0.01 0.01 0.101776 0.00984412 0.00938021 0.0916576 0.0233352 0.0228713
0.1 0.01 0.01 0.099522 0.0102614 0.00994917 0.0899345 0.0230448 0.0227325
0.1 0.01 0.01 0.107476 0.00964347 0.0094026 0.0974296 0.0230387 0.0227978
0.1 0.01 0.01 0.100629 0.011347 0.0117931 0.0890128 0.0268356 0.0272817
0.1 0.01 0.01 0.104703 0.0106358 0.0104663 0.0953463 0.0231116 0.0229421
0.1 0.01 0.01 0.101573 0.01031 0.00983714 0.0921762 0.0228388 0.0223659
0.1 0.01 0.01 0.0988823 0.00918975 0.0100194 0.088533 0.0229888 0.0238185
0.1 0.01 0.01 0.0945567 0.0107048 0.0107226 0.0844706 0.0241529 0.0241708
0.1 0.01 0.01 0.0998384 0.0116342 0.011768 0.0904265 0.0241834 0.0243173
0.1 0.01 0.01 0.0976475 0.00945774 0.00937745 0.0882998 0.0219212 0.0218409
0.1 0.01 0.01 0.104215 0.00990875 0.00989983 0.0943094 0.0231156 0.0231067
0.1 0.01 0.01 0.0964376 0.00936733 0.00904616 0.0862999 0.0228842 0.022563
0.1 0.01 0.01 0.103147 0.00882222 0.00862595 0.092795 0.022625 0.0224287
0.1 0.01 0.01 0.103902 0.0113922 0.0121148 0.0927541 0.0262557 0.0269783
0.1 0.01 0.01 0.102114 0.0105762 0.0101034 0.0902392 0.0264098 0.0259369
0.1 0.01 0.01 0.0948847 0.00895398 0.00931975 0.086459 0.0201883 0.0205541
0.1 0.01 0.01 0.0986564 0.009842 0.009842 0.0879534 0.0241128 0.0241128
0.1 0.01 0.01 0.100999 0.00958007 0.00968712 0.0893863 0.0250631 0.0251702
0.1 0.01 0.01 0.100429 0.0113923 0.0111514 0.0910076 0.0239548 0.0237139
0.1 0.01 0.01 0.104289 0.0127739 0.0129435 0.0915191 0.029801 0.0299705
0.1 0.01 0.01 0.0941256 0.00925081 0.00909023 0.0838748 0.0229186 0.022758
0.1 0.01 0.01 0.10094 0.00938533 0.00876975 0.0910762 0.0225369 0.0219213
0.1 0.01 0.01 0.0982724 0.00818227 0.00722769 0.0896373 0.0196958 0.0187413
0.1 0.01 0.01 0.0967631 0.00971362 0.00942813 0.0868714 0.0229025 0.022617
0.1 0.01 0.01 0.101652 0.00930691 0.00957455 0.0926874 0.0212599 0.0215275
0.1 0.01 0.01 0.102855 0.0100961 0.0103994 0.0922257 0.0242683 0.0245716
0.1 0.01 0.05 0.104647 0.00834421 0.046804 0.0951066 0.0210643 0.0595241
0.1 0.01 0.05 0.104647 0.00834421 0.046804 0.0951066 0.0210643 0.0595241
0.1 0.01 0.05 0.100826 0.00793778 0.0478339 0.0930865 0.0182569 0.0581531
0.1 0.01 0.05 0.10416 0.0074843 0.0466935 0.0946144 0.0202121 0.0594213
0.1 0.01 0.05 0.101021 0.00897867 0.0481611 0.0925793 0.0202336 0.059416
0.1 0.01 0.05 0.105419 0.00883662 0.0474481 0.0938232 0.0242971 0.0629086
0.1 0.01 0.05 0.0998995 0.00836664 0.0479952 0.0925458 0.0181716 0.0578001
0.1 0.01 0.05 0.103264 0.0137905 0.0535796 0.0892467 0.0324797 0.0722688
0.1 0.01 0.05 0.0975515 0.00963771 0.0484187 0.0919794 0.0170671 0.0558481
0.1 0.01 0.05 0.100014 0.0122711 0.0511502 0.0894426 0.0263665 0.0652457
0.1 0.01 0.05 0.100284 0.00879022 0.0500959 0.0898665 0.0226803 0.063986
0.1 0.01 0.05 0.099223 0.00968475 0.0496344 0.0945082 0.0159713 0.0559209
0.1 0.01 0.05 0.100771 0.014825 0.0546141 0.0880037 0.0318483 0.0716374
0.1 0.01 0.05 0.0967649 0.0115578 0.0511863 0.0863191 0.0254855 0.065114
0.1 0.01 0.05 0.103686 0.00907872 0.0485556 0.096729 0.0183549 0.0578318
0.1 0.01 0.05 0.101433 0.00975565 0.0482779 0.0931624 0.0207826 0.0593049
0.1 0.01 0.05 0.0986085 0.00980186 0.0500549 0.09189 0.0187599 0.0590129
0.1 0.01 0.05 0.102276 0.00803244 0.0485709 0.0932632 0.02005 0.0605885
0.1 0.01 0.05 0.0950975 0.0107509 0.0514768 0.0852405 0.0238936 0.0646195
0.1 0.01 0.05 0.0989349 0.00878147 0.0490612 0.0924632 0.0174105 0.0576902
0.1 0.01 0.05 0.101845 0.00892038 0.0480315 0.0905967 0.0239175 0.0630286
0.1 0.01 0.05 0.100337 0.00866773 0.0490813 0.0911118 0.0209678 0.0613814
0.1 0.01 0.05 0.0994804 0.00857435 0.0484259 0.0906396 0.020362 0.0602136
0.1 0.01 0.05 0.101523 0.00897181 0.0489304 0.0929905 0.0203486 0.0603072
0.1 0.01 0.05 0.09608 0.0129262 0.052403 0.0862292 0.0260605 0.0655374
0.1 0.01 0.05 0.100175 0.00967756 0.0487797 0.0860848 0.0284638 0.067566
0.1 0.01 0.05 0.103105 0.012923 0.0517575 0.0917826 0.0280192 0.0668537
0.1 0.01 0.05 0.100907 0.00866137 0.0475227 0.0934964 0.0185427 0.057404
0.1 0.01 0.05 0.0958366 0.014304 0.0531474 0.0856662 0.0278645 0.066708
0.1 0.01 0.05 0.101996 0.00832801 0.0470287 0.0918544 0.0218504 0.0605511
0.1 0.01 0.1 0.109678 0.00349506 0.09319 0.100176 0.0161648 0.10586
0.1 0.01 0.1 0.109678 0.00349506 0.09319 0.100176 0.0161648 0.10586
0.1 0.01 0.1 0.0977573 0.00840101 0.098551 0.0828565 0.0282687 0.118419
0.1 0.01 0.1 0.103782 0.00393114 0.0931354 0.0980861 0.0115257 0.10073
0.1 0.01 0.1 0.103385 0.0111964 0.100811 0.0942083 0.0234325 0.113047
0.1 0.01 0.1 0.107575 0.00808077 0.0974992 0.104069 0.0127558 0.102174
0.1 0.01 0.1 0.103715 0.00841551 0.101028 0.0921699 0.0238095 0.116422
0.1 0.01 0.1 0.102681 0.0105366 0.0998391 0.0877184 0.0304861 0.119789
0.1 0.01 0.1 0.0972272 0.00902974 0.0970564 0.0926014 0.0151975 0.103224
0.1 0.01 0.1 0.100439 0.0106389 0.09896 0.0958163 0.0168019 0.105123
0.1 0.01 0.1 0.105224 0.00463542 0.0951422 0.0997705 0.0119068 0.102414
0.1 0.01 0.1 0.0986179 0.00554993 0.0968507 0.0915107 0.0150262 0.106327
0.1 0.01 0.1 0.09766 0.0125361 0.101937 0.0817497 0.0337499 0.12315
0.1 0.01 0.1 0.103948 0.0110312 0.101404 0.0956643 0.0220764 0.112449
0.1 0.01 0.1 0.0977648 0.0154134 0.105456 0.0903132 0.0253488 0.115392
0.1 0.01 0.1 0.100046 0.0100046 0.0990662 0.0874223 0.0268366 0.115898
0.1 0.01 0.1 0.108901 0.00826397 0.0972363 0.0987811 0.0217569 0.110729
0.1 0.01 0.1 0.0907404 0.0135433 0.104264 0.0811093 0.0263849 0.117106
0.1 0.01 0.1 0.0951901 0.0130334 0.103906 0.0872723 0.0235904 0.114463
0.1 0.01 0.1 0.102371 0.00998739 0.100878 0.088022 0.029119 0.120009
0.1 0.01 0.1 0.0997149 0.0122151 0.101598 0.0933122 0.0207519 0.110135
0.1 0.01 0.1 0.103784 0.00537185 0.0966727 0.0994804 0.0111101 0.102411
0.1 0.01 0.1 0.102138 0.00774842 0.097604 0.0949436 0.0173413 0.107197
0.1 0.01 0.1 0.10059 0.00874692 0.0985846 0.0908049 0.0217932 0.111631
0.1 0.01 0.1 0.101754 0.00902808 0.0971975 0.0975632 0.0146157 0.102785
0.1 0.01 0.1 0.102681 0.00891034 0.0985607 0.0934651 0.0211983 0.110849
0.1 0.01 0.1 0.103742 0.0085622 0.098159 0.0971693 0.0173257 0.106923
0.1 0.01 0.1 0.104847 0.0134345 0.102496 0.0962741 0.0248655 0.113927
0.1 0.01 0.1 0.0981325 0.0211002 0.111491 0.0807162 0.0443219 0.134713
0.1 0.01 0.1 0.0962312 0.0134658 0.102411 0.0832521 0.0307712 0.119717
0.1 0.05 0.01 0.102219 0.0455882 0.00578123 0.0789301 0.0766395 0.0368326
0.1 0.05 0.01 0.102219 0.0455882 0.00578123 0.0789301 0.0766395 0.0368326
0.1 0.05 0.01 0.101512 0.0482604 0.00860514 0.0782306 0.0793018 0.0396465
0.1 0.05 0.01 0.103818 0.0481895 0.00745469 0.0794228 0.0807162 0.0399814
0.1 0.05 0.01 0.0998309 0.0515287 0.0104728 0.0769597 0.0820236 0.0409677
0.1 0.05 0.01 0.103316 0.0441114 0.00429557 0.0824578 0.071923 0.0321071
0.1 0.05 0.01 0.105409 0.0522184 0.0117424 0.0845225 0.0800677 0.0395916
0.1 0.05 0.01 0.0986039 0.0536849 0.0144846 0.0753298 0.0847171 0.0455168
0.1 0.05 0.01 0.102553 0.054168 0.0135938 0.0775469 0.0875088 0.0469346
0.1 0.05 0.01 0.100822 0.0529517 0.0124578 0.0764644 0.085428 0.0449341
0.1 0.05 0.01 0.0965833 0.0526728 0.0146412 0.0720166 0.0854284 0.0473968
0.1 0.05 0.01 0.101656 0.0447386 0.00404848 0.0817847 0.0712339 0.0305437
0.1 0.05 0.01 0.0989746 0.0536328 0.0135582 0.0764708 0.0836379 0.0435633
0.1 0.05 0.01 0.101152 0.0451373 0.00486645 0.0808785 0.072169 0.0318982
0.1 0.05 0.01 0.10675 0.0455673 0.00518047 0.0836481 0.0763699 0.035983
0.1 0.05 0.01 0.0978784 0.0479679 0.00721531 0.0771869 0.0755566 0.034804
0.1 0.05 0.01 0.104168 0.0500628 0.0103629 0.0813987 0.0804225 0.0407226
0.1 0.05 0.01 0.0953628 0.0626619 0.0231583 0.0752474 0.0894824 0.0499788
0.1 0.05 0.01 0.0995259 0.0511032 0.0110821 0.0760409 0.0824164 0.0423954
0.1 0.05 0.01 0.0945551 0.0490439 0.00959386 0.0719111 0.0792359 0.0397858
0.1 0.05 0.01 0.100135 0.0496666 0.00900323 0.0779674 0.0792235 0.0385601
0.1 0.05 0.01 0.101879 0.0453784 0.00554472 0.0809292 0.0733108 0.0334771
0.1 0.05 0.01 0.104784 0.050257 0.00986126 0.0824941 0.0799762 0.0395805
0.1 0.05 0.01 0.109325 0.047206 0.00705117 0.0882266 0.0753369 0.035182
0.1 0.05 0.01 0.0960606 0.0477128 0.00719216 0.0758764 0.0746251 0.0341044
0.1 0.05 0.01 0.102773 0.0497653 0.00862012 0.0801129 0.0799781 0.0388329
0.1 0.05 0.01 0.101166 0.0430909 0.00239187 0.0787955 0.0729176 0.0322186
0.1 0.05 0.01 0.0961309 0.0505451 0.00885576 0.0747489 0.0790543 0.037365
0.1 0.05 0.01 0.106373 0.0415449 0.00222864 0.0836879 0.0717914 0.0324751
0.1 0.05 0.01 0.101655 0.0486155 0.00937061 0.0798034 0.0777509 0.038506
0.1 0.05 0.05 0.106937 0.0447722 0.0431575 0.0871444 0.071162 0.0695472
0.1 0.05 0.05 0.106937 0.0447722 0.0431575 0.0871444 0.071162 0.0695472
0.1 0.05 0.05 0.104753 0.0446805 0.0436813 0.0913235 0.0625859 0.0615867
0.1 0.05 0.05 0.106345 0.0449755 0.0437801 0.0832323 0.0757929 0.0745975
0.1 0.05 0.05 0.0987767 0.0506455 0.0494144 0.0853992 0.0684822 0.0672511
0.1 0.05 0.05 0.104369 0.0486639 0.048191 0.0802691 0.0807972 0.0803244
0.1 0.05 0.05 0.100633 0.0499519 0.0503356 0.0845588 0.0713844 0.071768
0.1 0.05 0.05 0.100486 0.0558965 0.0556199 0.0799362 0.0832957 0.0830192
0.1 0.05 0.05 0.0997514 0.0474473 0.046912 0.0856415 0.0662605 0.0657253
0.1 0.05 0.05 0.0917584 0.0642688 0.0627165 0.074033 0.0879027 0.0863503
0.1 0.05 0.05 0.0933863 0.058301 0.0603172 0.0666882 0.0938983 0.0959145
0.1 0.05 0.05 0.111849 0.0320061 0.0316582 0.10137 0.0459782 0.0456303
0.1 0.05 0.05 0.0934438 0.063452 0.0637732 0.0726639 0.0911585 0.0914797
0.1 0.05 0.05 0.096368 0.0522706 0.0515569 0.0805381 0.0733772 0.0726635
0.1 0.05 0.05 0.105979 0.0475312 0.0458629 0.0920412 0.0661154 0.0644471
0.1 0.05 0.05 0.10269 0.0506171 0.0490915 0.0908845 0.0663573 0.0648317
0.1 0.05 0.05 0.0928357 0.0584238 0.0583435 0.079098 0.0767408 0.0766605
0.1 0.05 0.05 0.0978131 0.0577563 0.0575244 0.0876486 0.071309 0.0710771
0.1 0.05 0.05 0.0882759 0.059562 0.0608734 0.0701124 0.0837799 0.0850913
0.1 0.05 0.05 0.0980046 0.0497504 0.0497683 0.0880415 0.0630344 0.0630523
0.1 0.05 0.05 0.113448 0.0336718 0.0332525 0.091068 0.0635117 0.0630924
0.1 0.05 0.05 0.111419 0.0336724 0.0343951 0.0978512 0.0517626 0.0524852
0.1 0.05 0.05 0.0972296 0.0528644 0.0525254 0.0786255 0.0776698 0.0773308
0.1 0.05 0.05 0.114786 0.031589 0.0318923 0.0882633 0.0669522 0.0672555
0.1 0.05 0.05 0.101132 0.046764 0.0454526 0.0883124 0.0638567 0.0625452
0.1 0.05 0.05 0.100389 0.0495095 0.0478323 0.0811147 0.0752092 0.073532
0.1 0.05 0.05 0.107585 0.0424513 0.0418358 0.0883359 0.0681168 0.0675012
0.1 0.05 0.05 0.100287 0.0498801 0.0483635 0.084693 0.0706722 0.0691556
0.1 0.05 0.05 0.0982431 0.0504988 0.0495353 0.0762906 0.0797687 0.0788052
0.1 0.05 0.05 0.104524 0.0448425 0.0446016 0.0811052 0.0760671 0.0758263
0.1 0.05 0.1 0.0999817 0.0581289 0.107598 0.0927394 0.0677854 0.117254
0.1 0.05 0.1 0.0999817 0.0581289 0.107598 0.0927394 0.0677854 0.117254
0.1 0.05 0.1 0.102306 0.0461095 0.0948824 0.0807862 0.074802 0.123575
0.1 0.05 0.1 0.0937617 0.0592179 0.107848 0.0849481 0.0709693 0.119599
0.1 0.05 0.1 0.103739 0.0514411 0.100722 0.0775156 0.0864062 0.135688
0.1 0.05 0.1 0.111785 0.0438861 0.0930248 0.0981151 0.0621132 0.111252
0.1 0.05 0.1 0.112183 0.0359831 0.0888419 0.0894094 0.0663474 0.119206
0.1 0.05 0.1 0.0864595 0.0715159 0.120226 0.0811836 0.0785506 0.127261
0.1 0.05 0.1 0.0946989 0.0533256 0.101412 0.0712252 0.084624 0.13271
0.1 0.05 0.1 0.0845661 0.0731822 0.121125 0.0815998 0.0771373 0.12508
0.1 0.05 0.1 0.090494 0.0632367 0.114204 0.0819801 0.0745885 0.125556
0.1 0.05 0.1 0.101089 0.0459496 0.096034 0.0961978 0.0524715 0.102556
0.1 0.05 0.1 0.0747516 0.0842655 0.134189 0.0869279 0.0680305 0.117954
0.1 0.05 0.1 0.108177 0.0451729 0.0947487 0.0990844 0.0572966 0.106872
0.1 0.05 0.1 0.108846 0.0409136 0.0905697 0.106111 0.0445601 0.0942162
0.1 0.05 0.1 0.109388 0.0372775 0.0860771 0.0833944 0.0719356 0.120735
0.1 0.05 0.1 0.116473 0.0402893 0.0882503 0.097402 0.065717 0.113678
0.1 0.05 0.1 0.0930166 0.0550875 0.105555 0.106824 0.0366778 0.0871457
0.1 0.05 0.1 0.0841215 0.0697826 0.120661 0.0772687 0.0789197 0.129798
0.1 0.05 0.1 0.101711 0.051961 0.102349 0.0810123 0.0795592 0.129947
0.1 0.05 0.1 0.111134 0.0382396 0.0874407 0.0932091 0.0621394 0.11134
0.1 0.05 0.1 0.110381 0.0379434 0.0896781 0.113047 0.0343884 0.0861232
0.1 0.05 0.1 0.0889814 0.066736 0.115116 0.088659 0.0671659 0.115546
0.1 0.05 0.1 0.0990683 0.0506599 0.1007 0.0895107 0.0634034 0.113443
0.1 0.05 0.1 0.109861 0.0362307 0.0829963 0.0928763 0.0588769 0.105642
0.1 0.05 0.1 0.105365 0.0450473 0.0943198 0.0944327 0.0596236 0.108896
0.1 0.05 0.1 0.109232 0.0387598 0.0875772 0.0922572 0.061393 0.11021
0.1 0.05 0.1 0.0795447 0.0894877 0.137386 0.0731326 0.0980372 0.145936
0.1 0.05 0.1 0.11331 0.0412035 0.091502 0.0910815 0.0708412 0.12114
0.1 0.05 0.1 0.101 0.0459776 0.0950716 0.0859698 0.0660178 0.115112
0.1 0.1 0.01 0.108743 0.0867223 -0.00315111 0.0827935 0.121321 0.0314478
0.1 0.1 0.01 0.108743 0.0867223 -0.00315111 0.0827935 0.121321 0.0314478
0.1 0.1 0.01 0.100788 0.0990844 0.00891656 0.0745199 0.134108 0.0439405
0.1 0.1 0.01 0.0858958 0.122023 0.0311499 0.0630253 0.152516 0.0616438
0.1 0.1 0.01 0.0845578 0.123481 0.0318861 0.0666675 0.147335 0.0557399
0.1 0.1 0.01 0.100815 0.0991517 0.00905528 0.0678157 0.143151 0.0530548
0.1 0.1 0.01 0.0943315 0.117914 0.0273361 0.0718263 0.147921 0.0573431
0.1 0.1 0.01 0.102811 0.0968553 0.00793645 0.0716715 0.138374 0.0494554
0.1 0.1 0.01 0.0847643 0.127146 0.037041 0.0614233 0.158268 0.0681624
0.1 0.1 0.01 0.109219 0.0873229 -0.00305902 0.0851502 0.119414 0.0290325
0.1 0.1 0.01 0.112992 0.0832283 -0.0043702 0.0831958 0.122957 0.0353581
0.1 0.1 0.01 0.107286 0.0856998 -0.00417362 0.0814831 0.120103 0.03023
0.1 0.1 0.01 0.0957443 0.10711 0.0168704 0.0755302 0.134062 0.0438225
0.1 0.1 0.01 0.091584 0.107923 0.0155783 0.0639442 0.144776 0.0524315
0.1 0.1 0.01 0.103836 0.0995978 0.00982248 0.0815117 0.129363 0.0395882
0.1 0.1 0.01 0.0992447 0.098684 0.00886414 0.0781656 0.126789 0.0369696
0.1 0.1 0.01 0.103302 0.0986847 0.00900759 0.0715669 0.140998 0.0513204
0.1 0.1 0.01 0.0946631 0.110502 0.0204945 0.0762935 0.134995 0.0449874
0.1 0.1 0.01 0.0988985 0.103996 0.0137215 0.0764438 0.133936 0.043661
0.1 0.1 0.01 0.0847712 0.110674 0.0215495 0.0645781 0.137598 0.0484737
0.1 0.1 0.01 0.105938 0.0916837 0.00122151 0.0834975 0.121605 0.0311427
0.1 0.1 0.01 0.0873497 0.11024 0.0214278 0.0651704 0.139812 0.0510002
0.1 0.1 0.01 0.107467 0.094275 0.00377715 0.0844228 0.125001 0.0345029
0.1 0.1 0.01 0.0991281 0.111051 0.0205439 0.0837061 0.131613 0.0411065
0.1 0.1 0.01 0.101098 0.0888519 -0.000557551 0.0728262 0.126548 0.0371388
0.1 0.1 0.01 0.108756 0.0945856 0.00269597 0.0838547 0.127787 0.0358973
0.1 0.1 0.01 0.0834384 0.117965 0.027092 0.0564394 0.153963 0.0630906
0.1 0.1 0.01 0.11117 0.081067 -0.0096807 0.0824373 0.119377 0.0286296
0.1 0.1 0.01 0.0964852 0.10711 0.0172277 0.0663193 0.147331 0.0574489
0.1 0.1 0.01 0.107553 0.0929122 0.00426995 0.0914772 0.114347 0.0257042
0.1 0.1 0.05 0.0984857 0.110464 0.0587914 0.0810283 0.13374 0.0820679
0.1 0.1 0.05 0.0984857 0.110464 0.0587914 0.0810283 0.13374 0.0820679
0.1 0.1 0.05 0.103678 0.0963882 0.044698 0.0832252 0.123659 0.0719684
0.1 0.1 0.05 0.114127 0.0864101 0.0345772 0.0937489 0.11358 0.0617475
0.1 0.1 0.05 0.103984 0.0941472 0.0429834 0.0915989 0.11066 0.0594962
0.1 0.1 0.05 0.108112 0.0945982 0.0435594 0.0888555 0.120274 0.0692351
0.1 0.1 0.05 0.0827022 0.126606 0.0768872 0.0808812 0.129034 0.0793152
0.1 0.1 0.05 0.0677894 0.149702 0.100188 0.0851076 0.126611 0.0770973
0.1 0.1 0.05 0.109664 0.0808772 0.0309803 0.0923534 0.103958 0.0540611
0.1 0.1 0.05 0.0937908 0.112952 0.0605842 0.0819167 0.128784 0.0764163
0.1 0.1 0.05 0.084933 0.1183 0.0709184 0.0534331 0.160299 0.112918
0.1 0.1 0.05 0.108699 0.0847003 0.0349371 0.100296 0.0959036 0.0461405
0.1 0.1 0.05 0.0697576 0.146609 0.097417 0.0639717 0.154324 0.105131
0.1 0.1 0.05 0.0987784 0.101217 0.0491079 0.0754817 0.13228 0.0801703
0.1 0.1 0.05 0.0994726 0.106651 0.0553356 0.0712982 0.144217 0.0929014
0.1 0.1 0.05 0.104808 0.0984835 0.0479086 0.088434 0.120316 0.0697408
0.1 0.1 0.05 0.108254 0.0863849 0.0364076 0.0914705 0.108763 0.0587862
0.1 0.1 0.05 0.135268 0.0614855 0.0109997 0.114811 0.0887615 0.0382758
0.1 0.1 0.05 0.0849762 0.112897 0.064704 0.0827004 0.115932 0.0677386
0.1 0.1 0.05 0.0908401 0.109292 0.0596716 0.0995975 0.0976155 0.0479951
0.1 0.1 0.05 0.110145 0.0877263 0.0369729 0.093705 0.109647 0.0588931
0.1 0.1 0.05 0.104898 0.0875956 0.0385551 0.0772036 0.124522 0.0754814
0.1 0.1 0.05 0.0963757 0.102926 0.052181 0.077706 0.127818 0.077074
0.1 0.1 0.05 0.115735 0.0798571 0.0299602 0.0791922 0.128581 0.0786839
0.1 0.1 0.05 0.0815147 0.122272 0.0716346 0.0692875 0.138575 0.0879375
0.1 0.1 0.05 0.0972177 0.104092 0.0514915 0.0725048 0.137042 0.084442
0.1 0.1 0.05 0.129517 0.0622354 0.0121422 0.0994102 0.102378 0.0522845
0.1 0.1 0.05 0.118165 0.0756545 0.0258111 0.0818608 0.12406 0.0742169
0.1 0.1 0.05 0.101848 0.0951084 0.0441498 0.0919692 0.108281 0.0573221
0.1 0.1 0.05 0.111105 0.0846516 0.035058 0.0912729 0.111095 0.0615011
0.1 0.1 0.1 0.0652879 0.156691 0.155968 0.0681179 0.152918 0.152195
0.1 0.1 0.1 0.0652879 0.156691 0.155968 0.0681179 0.152918 0.152195
0.1 0.1 0.1 0.113647 0.0802217 0.0794812 0.0681001 0.140951 0.140211
0.1 0.1 0.1 0.123813 0.0680974 0.0666611 0.0991894 0.10093 0.0994932
0.1 0.1 0.1 0.173484 0.00722848 0.00671997 0.153347 0.0340771 0.0335686
0.1 0.1 0.1 0.123687 0.0773043 0.0760018 0.0945042 0.116215 0.114912
0.1 0.1 0.1 0.0727737 0.13827 0.141286 0.0727737 0.13827 0.141286
0.1 0.1 0.1 0.0834501 0.121382 0.120044 0.098766 0.100961 0.0996226
0.1 0.1 0.1 0.0944802 0.104425 0.1034 0.092326 0.107298 0.106272
0.1 0.1 0.1 0.0464612 0.176553 0.173912 0.115048 0.0851038 0.0824631
0.1 0.1 0.1 0.106459 0.0946305 0.0958438 0.0939149 0.111356 0.11257
0.1 0.1 0.1 0.138918 0.0463061 0.046663 0.142859 0.0410515 0.0414084
0.1 0.1 0.1 0.0554683 0.159471 0.16006 0.0836955 0.121835 0.122424
0.1 0.1 0.1 0.0400037 0.186684 0.18523 0.098191 0.109101 0.107647
0.1 0.1 0.1 0.0940635 0.109741 0.109767 0.0818856 0.125978 0.126005
0.1 0.1 0.1 0.132531 0.054952 0.054613 0.102729 0.094689 0.09435
0.1 0.1 0.1 0.152016 0.0434332 0.0417025 0.13544 0.0655353 0.0638046
0.1 0.1 0.1 0.114475 0.0746576 0.0742116 0.134043 0.0485665 0.0481204
0.1 0.1 0.1 0.108158 0.0865265 0.0878379 0.112099 0.0812718 0.0825832
0.1 0.1 0.1 0.0117193 0.222667 0.223345 0.0520891 0.168841 0.169519
0.1 0.1 0.1 0.112558 0.0844184 0.0837047 0.097221 0.104868 0.104154
0.1 0.1 0.1 0.0536564 0.166335 0.168868 0.0944724 0.111913 0.114447
0.1 0.1 0.1 0.0325601 0.19536 0.192693 0.103068 0.10135 0.0986826
0.1 0.1 0.1 0.0750321 0.132749 0.13258 0.0739659 0.134171 0.134001
0.1 0.1 0.1 0.16174 0.0179711 0.0157675 0.167213 0.0106732 0.00846962
0.1 0.1 0.1 0.0620362 0.157476 0.15571 0.0782338 0.13588 0.134113
0.1 0.1 0.1 0.140616 0.0410129 0.0405044 0.106555 0.0864276 0.0859191
0.1 0.1 0.1 0.0906765 0.120902 0.120242 0.0590726 0.16304 0.16238
0.1 0.1 0.1 0.110133 0.0960134 0.0962186 0.0865984 0.127393 0.127598
0.1 0.1 0.1 0.0806568 0.124651 0.124428 0.072712 0.135244 0.135021
