0.01 0.01 0.01 0.00992152 0.0088658 0.00921373 0.0102909 0.00837323 0.00872116
0.01 0.01 0.01 0.00992152 0.0088658 0.00921373 0.0102909 0.00837323 0.00872116
0.01 0.01 0.01 0.0105829 0.0103508 0.0102526 0.0115109 0.00911348 0.00901534
0.01 0.01 0.01 0.0100158 0.00981941 0.00944472 0.0106254 0.0090066 0.00863191
0.01 0.01 0.01 0.00822403 0.0090224 0.00867447 0.00888301 0.00814377 0.00779583
0.01 0.01 0.01 0.0100437 0.00960018 0.00960018 0.0105393 0.0089394 0.0089394
0.01 0.01 0.01 0.0115661 0.0119008 0.0115172 0.0123898 0.0108025 0.0104189
0.01 0.01 0.01 0.0100089 0.0101018 0.0103427 0.010723 0.0091496 0.00939048
0.01 0.01 0.01 0.00861348 0.00954349 0.00912418 0.00943763 0.00844463 0.00802532
0.01 0.01 0.01 0.0093943 0.00941271 0.00908262 0.0098324 0.00882856 0.00849848
0.01 0.01 0.01 0.0103923 0.00959056 0.0103667 0.0109931 0.00878948 0.00956563
0.01 0.01 0.01 0.011208 0.0112468 0.0110863 0.0119605 0.0102435 0.0100829
0.01 0.01 0.01 0.0101664 0.00960566 0.0100785 0.010675 0.00892745 0.00940028
0.01 0.01 0.01 0.00967416 0.00957274 0.0096798 0.0103792 0.00863263 0.00873969
0.01 0.01 0.01 0.0104123 0.0101231 0.0103194 0.0111375 0.00915609 0.00935236
0.01 0.01 0.01 0.00913219 0.00857878 0.00836467 0.00978435 0.00770923 0.00749512
0.01 0.01 0.01 0.0112824 0.0113037 0.0104651 0.0119689 0.0103884 0.00954978
0.01 0.01 0.01 0.0100344 0.0100157 0.0101852 0.0109708 0.00876722 0.00893673
0.01 0.01 0.01 0.0102076 0.00995382 0.00916874 0.0107339 0.00925206 0.00846698
0.01 0.01 0.01 0.00989198 0.00908725 0.00934597 0.0104675 0.00831989 0.00857861
0.01 0.01 0.05 0.0107588 0.00984317 0.0482049 0.0129892 0.00686925 0.0452309
0.01 0.01 0.05 0.0107588 0.00984317 0.0482049 0.0129892 0.00686925 0.0452309
0.01 0.01 0.05 0.0104769 0.00988089 0.0488314 0.0124275 0.00728005 0.0462305
0.01 0.01 0.05 0.0100448 0.0109642 0.0502983 0.0125578 0.00761358 0.0469477
0.01 0.01 0.05 0.00769191 0.0088606 0.0484534 0.00974555 0.00612241 0.0457152
0.01 0.01 0.05 0.0102315 0.0105332 0.0484578 0.0125886 0.00739035 0.0453149
0.01 0.01 0.05 0.0100473 0.0107268 0.0502929 0.0122488 0.00779151 0.0473576
0.01 0.01 0.05 0.0110338 0.0115181 0.0516016 0.0134232 0.00833233 0.0484158
0.01 0.01 0.05 0.00900516 0.00952843 0.0481399 0.0109357 0.00695443 0.0455659
0.01 0.01 0.05 0.0093152 0.0102724 0.0491783 0.0116223 0.00719633 0.0461022
0.01 0.01 0.05 0.00895711 0.00861715 0.0501638 0.010793 0.00616926 0.0477159
0.01 0.01 0.05 0.0105738 0.0112601 0.050853 0.0127685 0.00833391 0.0479267
0.01 0.01 0.05 0.0112141 0.0104325 0.0500788 0.0131477 0.00785435 0.0475007
0.01 0.01 0.05 0.0108084 0.0109473 0.05079 0.0128941 0.0081665 0.0480091
0.01 0.01 0.05 0.0121967 0.0119572 0.0519783 0.014706 0.0086115 0.0486326
0.01 0.01 0.05 0.00997431 0.00996581 0.0489074 0.0118403 0.00747782 0.0464194
0.01 0.01 0.05 0.00924889 0.00865727 0.0487854 0.0110094 0.00630986 0.046438
0.01 0.01 0.05 0.00959114 0.0102686 0.0502451 0.0118867 0.00720795 0.0471844
0.01 0.01 0.05 0.00950445 0.00866764 0.0493935 0.0113304 0.00623302 0.0469589
0.01 0.01 0.05 0.00993724 0.0104964 0.0502677 0.0122589 0.00740086 0.0471721
0.01 0.01 0.1 0.0122617 0.010063 0.100052 0.0155769 0.00564281 0.0956322
0.01 0.01 0.1 0.0122617 0.010063 0.100052 0.0155769 0.00564281 0.0956322
0.01 0.01 0.1 0.0100251 0.0106134 0.100041 0.013179 0.00640809 0.0958354
0.01 0.01 0.1 0.00913594 0.0114608 0.100585 0.0126854 0.00672817 0.0958522
0.01 0.01 0.1 0.00988021 0.0117558 0.102156 0.0139267 0.00636057 0.0967603
0.01 0.01 0.1 0.0106096 0.0119278 0.101007 0.0143656 0.00691966 0.0959991
0.01 0.01 0.1 0.00938093 0.00978165 0.102581 0.0124078 0.00574587 0.0985455
0.01 0.01 0.1 0.0108253 0.0133567 0.102864 0.0151006 0.00765628 0.0971639
0.01 0.01 0.1 0.0085775 0.00855111 0.0961317 0.0111279 0.0051506 0.0927312
0.01 0.01 0.1 0.00778602 0.00935934 0.0972344 0.010591 0.00561939 0.0934944
0.01 0.01 0.1 0.00992048 0.00988152 0.101316 0.0131615 0.00556021 0.0969948
0.01 0.01 0.1 0.0107016 0.0112329 0.101918 0.0139014 0.00696643 0.0976517
0.01 0.01 0.1 0.0087655 0.00931479 0.0988403 0.0117174 0.00537887 0.0949043
0.01 0.01 0.1 0.0101788 0.00874384 0.0992774 0.0128755 0.00514818 0.0956818
0.01 0.01 0.1 0.0115837 0.0115782 0.102058 0.0150955 0.0068958 0.0973759
0.01 0.01 0.1 0.00995155 0.00959302 0.0988241 0.0124861 0.00621366 0.0954447
0.01 0.01 0.1 0.00972243 0.00997654 0.0992968 0.0126248 0.00610664 0.0954269
0.01 0.01 0.1 0.00970905 0.00887599 0.0999627 0.0120713 0.00572639 0.0968131
0.01 0.01 0.1 0.00829909 0.00703669 0.0975703 0.0108306 0.00366136 0.0941949
0.01 0.01 0.1 0.0115701 0.010439 0.101481 0.0149214 0.00597051 0.0970126
0.01 0.05 0.01 0.0095572 0.0463751 0.00696071 0.0162492 0.0374525 -0.00196193
0.01 0.05 0.01 0.0095572 0.0463751 0.00696071 0.0162492 0.0374525 -0.00196193
0.01 0.05 0.01 0.00957925 0.0516775 0.0107465 0.0177076 0.0408397 -9.13281e-05
0.01 0.05 0.01 0.00995356 0.0492018 0.0095554 0.0169281 0.0399024 0.000255996
0.01 0.05 0.01 0.00907046 0.0490138 0.00921574 0.0162307 0.0394668 -0.000331246
0.01 0.05 0.01 0.0103358 0.0475477 0.00811547 0.0170935 0.0385375 -0.000894731
0.01 0.05 0.01 0.011407 0.0527258 0.0121159 0.0187546 0.0429289 0.00231903
0.01 0.05 0.01 0.00992104 0.0493622 0.0100102 0.0172985 0.0395256 0.000173658
0.01 0.05 0.01 0.00917296 0.0497354 0.0094913 0.016611 0.039818 -0.000426103
0.01 0.05 0.01 0.0103755 0.0498356 0.00886888 0.0175453 0.0402758 -0.000690866
0.01 0.05 0.01 0.00976471 0.0496096 0.00978483 0.0169288 0.0400575 0.000232686
0.01 0.05 0.01 0.0103197 0.0512104 0.0108504 0.0178639 0.0411515 0.00079143
0.01 0.05 0.01 0.00997754 0.0490137 0.00890347 0.017523 0.0389531 -0.0011572
0.01 0.05 0.01 0.0096179 0.0455139 0.0063493 0.0164312 0.0364295 -0.00273514
0.01 0.05 0.01 0.0104506 0.0509449 0.0106294 0.0182416 0.0405568 0.000241343
0.01 0.05 0.01 0.00999565 0.0458945 0.00651583 0.0165255 0.0371881 -0.00219063
0.01 0.05 0.01 0.0111389 0.0523159 0.0115008 0.0185212 0.0424728 0.00165778
0.01 0.05 0.01 0.00916045 0.0541085 0.0134273 0.0176891 0.042737 0.00205581
0.01 0.05 0.01 0.0106126 0.0496365 0.00846462 0.0181661 0.0395652 -0.00160675
0.01 0.05 0.01 0.0098741 0.0463297 0.00699559 0.0165791 0.0373898 -0.00194434
0.01 0.05 0.05 0.0100393 0.0524296 0.0505115 0.0230413 0.0350936 0.0331755
0.01 0.05 0.05 0.0100393 0.0524296 0.0505115 0.0230413 0.0350936 0.0331755
0.01 0.05 0.05 0.00980325 0.0534466 0.0519388 0.0229441 0.0359254 0.0344177
0.01 0.05 0.05 0.0102228 0.0528871 0.0522359 0.0243671 0.034028 0.0333768
0.01 0.05 0.05 0.0092709 0.0480443 0.0481959 0.0215475 0.0316755 0.0318272
0.01 0.05 0.05 0.0102258 0.0512576 0.04917 0.0226567 0.034683 0.0325954
0.01 0.05 0.05 0.00974435 0.0495978 0.0485718 0.0224979 0.0325931 0.0315671
0.01 0.05 0.05 0.00999802 0.0518344 0.0516114 0.0235411 0.033777 0.033554
0.01 0.05 0.05 0.0095851 0.0471572 0.045703 0.0213583 0.0314595 0.0300053
0.01 0.05 0.05 0.00911975 0.04887 0.0471661 0.0212718 0.0326672 0.0309633
0.01 0.05 0.05 0.00990685 0.0481717 0.0499559 0.0223642 0.0315619 0.0333461
0.01 0.05 0.05 0.0103317 0.0513895 0.0505242 0.023031 0.0344571 0.0335917
0.01 0.05 0.05 0.0108944 0.0514976 0.0510426 0.0238932 0.0341658 0.0337108
0.01 0.05 0.05 0.0104636 0.049198 0.0494478 0.0222238 0.0335177 0.0337675
0.01 0.05 0.05 0.0110434 0.054784 0.0545432 0.0245571 0.0367658 0.0365249
0.01 0.05 0.05 0.0101861 0.049841 0.0488864 0.0216795 0.0345165 0.0335619
0.01 0.05 0.05 0.00991984 0.0485965 0.047972 0.0218335 0.0327117 0.0320872
0.01 0.05 0.05 0.00867817 0.0527489 0.0523742 0.022321 0.0345584 0.0341837
0.01 0.05 0.05 0.00977062 0.0478591 0.0480197 0.0217299 0.0319135 0.032074
0.01 0.05 0.05 0.00997258 0.0494885 0.049203 0.022451 0.0328506 0.0325651
0.01 0.05 0.1 0.00998696 0.0524083 0.102386 0.0288395 0.0272717 0.0772489
0.01 0.05 0.1 0.00998696 0.0524083 0.102386 0.0288395 0.0272717 0.0772489
0.01 0.05 0.1 0.0090838 0.0502444 0.0997667 0.0262053 0.0274157 0.076938
0.01 0.05 0.1 0.00887702 0.0505461 0.100122 0.025332 0.0286062 0.078182
0.01 0.05 0.1 0.0101355 0.0546031 0.105508 0.0288267 0.0296816 0.0805866
0.01 0.05 0.1 0.00993112 0.0552397 0.10486 0.0296606 0.0289338 0.0785542
0.01 0.05 0.1 0.0100199 0.0502967 0.103387 0.0276893 0.0267375 0.0798283
0.01 0.05 0.1 0.0101626 0.0535786 0.103627 0.0290178 0.0284384 0.078487
0.01 0.05 0.1 0.00982022 0.0472598 0.0945161 0.0265662 0.0249318 0.0721881
0.01 0.05 0.1 0.00797345 0.0507885 0.0980626 0.0256975 0.0271564 0.0744305
0.01 0.05 0.1 0.00987684 0.0498112 0.101831 0.0276282 0.0261428 0.078163
0.01 0.05 0.1 0.00964687 0.0514573 0.102362 0.0273208 0.0278921 0.0787971
0.01 0.05 0.1 0.00990964 0.0461393 0.095385 0.0260247 0.0246525 0.0738982
0.01 0.05 0.1 0.0116047 0.0465711 0.0981631 0.0263185 0.0269527 0.0785447
0.01 0.05 0.1 0.00952205 0.0509735 0.102503 0.0270633 0.0275852 0.0791148
0.01 0.05 0.1 0.00995045 0.0511956 0.101235 0.0285271 0.0264267 0.0764664
0.01 0.05 0.1 0.00930061 0.0541557 0.10292 0.027892 0.0293673 0.0781312
0.01 0.05 0.1 0.00787523 0.0481756 0.0994554 0.0244132 0.0261249 0.0774047
0.01 0.05 0.1 0.00881068 0.0473054 0.0975593 0.0257348 0.0247399 0.0749938
0.01 0.05 0.1 0.0112401 0.0477465 0.0995615 0.0274725 0.0261033 0.0779184
0.01 0.1 0.01 0.0107527 0.0964606 0.00706897 0.0291758 0.0718965 -0.0174952
0.01 0.1 0.01 0.0107527 0.0964606 0.00706897 0.0291758 0.0718965 -0.0174952
0.01 0.1 0.01 0.00941212 0.100303 0.0102866 0.0285866 0.0747368 -0.0152794
0.01 0.1 0.01 0.0114223 0.100887 0.0107189 0.0294167 0.0768941 -0.0132737
0.01 0.1 0.01 0.00898623 0.0998043 0.0101985 0.0276038 0.0749808 -0.014625
0.01 0.1 0.01 0.0115124 0.0995962 0.00944619 0.030414 0.074394 -0.015756
0.01 0.1 0.01 0.0126949 0.103975 0.0118806 0.031983 0.0782579 -0.0138369
0.01 0.1 0.01 0.0107442 0.099307 0.00918377 0.0289345 0.0750532 -0.01507
0.01 0.1 0.01 0.0105437 0.102357 0.0124303 0.029866 0.0765942 -0.0133328
0.01 0.1 0.01 0.0109689 0.0995276 0.00865497 0.0293483 0.0750216 -0.015851
0.01 0.1 0.01 0.00996219 0.0970335 0.00731173 0.0285309 0.0722752 -0.0174465
0.01 0.1 0.01 0.0100259 0.0987821 0.00842693 0.0280063 0.0748083 -0.0155469
0.01 0.1 0.01 0.0101165 0.103668 0.0131077 0.0303559 0.0766822 -0.0138781
0.01 0.1 0.01 0.010232 0.0972069 0.00781522 0.029165 0.071963 -0.0174287
0.01 0.1 0.01 0.0104375 0.103097 0.0122244 0.0306495 0.0761476 -0.014725
0.01 0.1 0.01 0.0103889 0.0957362 0.00562194 0.0277416 0.0725994 -0.0175149
0.01 0.1 0.01 0.0113754 0.10078 0.00985396 0.0294703 0.0766535 -0.0142726
0.01 0.1 0.01 0.0086856 0.106161 0.0157167 0.0286102 0.0795949 -0.0108494
0.01 0.1 0.01 0.0105387 0.0998671 0.00844136 0.0298505 0.0741179 -0.0173078
0.01 0.1 0.01 0.0102548 0.0938994 0.0042579 0.0286637 0.0693541 -0.0202873
0.01 0.1 0.05 0.0111064 0.103506 0.0518154 0.0412181 0.0633566 0.0116665
0.01 0.1 0.05 0.0111064 0.103506 0.0518154 0.0412181 0.0633566 0.0116665
0.01 0.1 0.05 0.00966644 0.0988323 0.0482573 0.0371259 0.0622196 0.0116446
0.01 0.1 0.05 0.010343 0.103366 0.0521665 0.041124 0.0623247 0.0111252
0.01 0.1 0.05 0.00858869 0.100178 0.050433 0.0373759 0.0617953 0.01205
0.01 0.1 0.05 0.0108033 0.102037 0.0497046 0.0382923 0.065385 0.0130526
0.01 0.1 0.05 0.00998338 0.0987868 0.047293 0.0388707 0.0602705 0.00877659
0.01 0.1 0.05 0.0100372 0.104008 0.052398 0.0401182 0.0638999 0.01229
0.01 0.1 0.05 0.0105295 0.0953018 0.043915 0.0373351 0.0595609 0.00817406
0.01 0.1 0.05 0.00915024 0.102408 0.050423 0.0372736 0.0649097 0.0129251
0.01 0.1 0.05 0.00999617 0.096481 0.0478063 0.0377828 0.0594322 0.0107575
0.01 0.1 0.05 0.00975184 0.0993296 0.0492453 0.036449 0.0637334 0.0136491
0.01 0.1 0.05 0.0112847 0.103346 0.0521374 0.040049 0.0649935 0.0137851
0.01 0.1 0.05 0.0110264 0.0977732 0.0473945 0.0375252 0.0624415 0.0120628
0.01 0.1 0.05 0.0100813 0.104716 0.0541681 0.0384542 0.0668858 0.0163375
0.01 0.1 0.05 0.010324 0.102546 0.05016 0.0389528 0.0643744 0.0119884
0.01 0.1 0.05 0.0096948 0.0978842 0.0468988 0.0378098 0.0603975 0.00941209
0.01 0.1 0.05 0.00792262 0.105592 0.0548474 0.0390125 0.0641388 0.0133943
0.01 0.1 0.05 0.00888477 0.0966234 0.0473509 0.0349587 0.0618582 0.0125857
0.01 0.1 0.05 0.00993572 0.10032 0.0504051 0.0395363 0.0608524 0.0109376
0.01 0.1 0.1 0.0121097 0.102376 0.102537 0.0506651 0.0509687 0.0511292
0.01 0.1 0.1 0.0121097 0.102376 0.102537 0.0506651 0.0509687 0.0511292
0.01 0.1 0.1 0.00859756 0.0991651 0.098835 0.0448922 0.0507722 0.0504422
0.01 0.1 0.1 0.00795522 0.101582 0.100645 0.0438445 0.0537297 0.0527929
0.01 0.1 0.1 0.0113341 0.103176 0.104282 0.0495906 0.0521673 0.0532735
0.01 0.1 0.1 0.0105895 0.10608 0.105037 0.0509917 0.0522109 0.0511671
0.01 0.1 0.1 0.00862061 0.102489 0.104604 0.047886 0.0501356 0.0522499
0.01 0.1 0.1 0.010164 0.104723 0.103251 0.0482363 0.0539601 0.0524881
0.01 0.1 0.1 0.0115184 0.0932809 0.0906224 0.0456576 0.047762 0.0451034
0.01 0.1 0.1 0.00702913 0.101542 0.0984824 0.043675 0.0526813 0.0496213
0.01 0.1 0.1 0.00963974 0.101612 0.102094 0.048976 0.0491634 0.0496452
0.01 0.1 0.1 0.0100952 0.0973373 0.0998353 0.0459337 0.0495526 0.0520506
0.01 0.1 0.1 0.0101762 0.0984388 0.0968418 0.0465103 0.0499933 0.0483964
0.01 0.1 0.1 0.01204 0.0992567 0.100461 0.0468718 0.0528144 0.0540188
0.01 0.1 0.1 0.00806845 0.105553 0.106446 0.0466466 0.054116 0.0550082
0.01 0.1 0.1 0.0101951 0.101951 0.101496 0.0471618 0.0526618 0.0522068
0.01 0.1 0.1 0.00962938 0.107413 0.104656 0.0500907 0.0534642 0.0507075
0.01 0.1 0.1 0.00744021 0.096976 0.0971187 0.0437107 0.0486153 0.048758
0.01 0.1 0.1 0.0073633 0.0993023 0.0992577 0.04487 0.0492933 0.0492487
0.01 0.1 0.1 0.0101777 0.100504 0.101753 0.0474303 0.0508343 0.0520833
0.05 0.01 0.01 0.0466534 0.00929367 0.00881192 0.045921 0.0102703 0.00978851
0.05 0.01 0.01 0.0466534 0.00929367 0.00881192 0.045921 0.0102703 0.00978851
0.05 0.01 0.01 0.0508597 0.011566 0.0109593 0.0497026 0.0131087 0.0125021
0.05 0.01 0.01 0.0495802 0.00986489 0.00966862 0.0483622 0.0114888 0.0112925
0.05 0.01 0.01 0.0489273 0.0100071 0.0094897 0.047461 0.0119622 0.0114447
0.05 0.01 0.01 0.0469228 0.0094157 0.00926404 0.0456068 0.0111704 0.0110187
0.05 0.01 0.01 0.0543085 0.0105698 0.0106501 0.0526575 0.0127711 0.0128514
0.05 0.01 0.01 0.0497994 0.00920838 0.00972582 0.0483198 0.0111813 0.0116987
0.05 0.01 0.01 0.0493592 0.00986036 0.00960164 0.0484143 0.0111203 0.0108616
0.05 0.01 0.01 0.0508537 0.0101825 0.0101557 0.0494547 0.0120478 0.0120211
0.05 0.01 0.01 0.0491293 0.010505 0.0105853 0.0478346 0.0122313 0.0123116
0.05 0.01 0.01 0.0497874 0.00947155 0.00944479 0.0479348 0.0119417 0.0119149
0.05 0.01 0.01 0.0479885 0.00951621 0.00901662 0.0468397 0.011048 0.0105484
0.05 0.01 0.01 0.0463387 0.0091021 0.00884338 0.0451598 0.010674 0.0104153
0.05 0.01 0.01 0.0520489 0.00959031 0.00996501 0.0503439 0.0118636 0.0122382
0.05 0.01 0.01 0.0472545 0.00880439 0.00871518 0.0458004 0.0107432 0.010654
0.05 0.01 0.01 0.051208 0.0104513 0.00989821 0.0500308 0.012021 0.0114678
0.05 0.01 0.01 0.0519859 0.0108707 0.011174 0.0513641 0.0116997 0.012003
0.05 0.01 0.01 0.0497056 0.00991864 0.00969561 0.0487725 0.0111628 0.0109398
0.05 0.01 0.01 0.0473425 0.00937629 0.0095458 0.0460191 0.0111407 0.0113102
0.05 0.01 0.05 0.0512753 0.0107387 0.0490201 0.050513 0.0117551 0.0500365
0.05 0.01 0.05 0.0512753 0.0107387 0.0490201 0.050513 0.0117551 0.0500365
0.05 0.01 0.05 0.0527625 0.0112007 0.050624 0.0523509 0.0117494 0.0511727
0.05 0.01 0.05 0.052723 0.0106941 0.0502691 0.0521192 0.0114992 0.0510742
0.05 0.01 0.05 0.0494849 0.00944572 0.048985 0.0489906 0.0101047 0.049644
0.05 0.01 0.05 0.0496675 0.00985252 0.0481607 0.0486063 0.0112673 0.0495755
0.05 0.01 0.05 0.0491869 0.0103503 0.0500234 0.0489007 0.0107318 0.0504049
0.05 0.01 0.05 0.0511323 0.00996707 0.0496223 0.0495846 0.0120307 0.0516859
0.05 0.01 0.05 0.0470199 0.00944221 0.0478664 0.0462221 0.010506 0.0489301
0.05 0.01 0.05 0.0477361 0.00944965 0.0489265 0.046588 0.0109804 0.0504573
0.05 0.01 0.05 0.0478331 0.0101006 0.0511119 0.0469813 0.0112363 0.0522477
0.05 0.01 0.05 0.0535681 0.00971036 0.0495619 0.0531501 0.0102677 0.0501192
0.05 0.01 0.05 0.0520319 0.00989895 0.0492955 0.0512383 0.0109571 0.0503537
0.05 0.01 0.05 0.0487644 0.00978218 0.0491787 0.0475203 0.011441 0.0508376
0.05 0.01 0.05 0.0535893 0.0110606 0.0510371 0.0533354 0.0113991 0.0513755
0.05 0.01 0.05 0.0506137 0.00944918 0.0485246 0.0493043 0.0111951 0.0502705
0.05 0.01 0.05 0.0485341 0.0105314 0.0502313 0.0477567 0.0115679 0.0512678
0.05 0.01 0.05 0.049321 0.0111468 0.0511679 0.0487172 0.0119518 0.0519729
0.05 0.01 0.05 0.0466134 0.0106085 0.0511024 0.0453767 0.0122574 0.0527513
0.05 0.01 0.05 0.0502783 0.00936321 0.0494289 0.0496211 0.0102395 0.0503051
0.05 0.01 0.1 0.0522641 0.0102916 0.0996654 0.0525072 0.00996757 0.0993414
0.05 0.01 0.1 0.0522641 0.0102916 0.0996654 0.0525072 0.00996757 0.0993414
0.05 0.01 0.1 0.050549 0.0101076 0.0998918 0.0493009 0.0117718 0.101556
0.05 0.01 0.1 0.0510883 0.00941449 0.0992165 0.0500316 0.0108235 0.100625
0.05 0.01 0.1 0.0517893 0.0111068 0.101069 0.0506351 0.0126458 0.102608
0.05 0.01 0.1 0.0532391 0.0112544 0.100361 0.0531442 0.0113809 0.100487
0.05 0.01 0.1 0.0496622 0.00972942 0.10269 0.0486502 0.0110789 0.104039
0.05 0.01 0.1 0.0514029 0.00920314 0.0990052 0.0505033 0.0104027 0.100205
0.05 0.01 0.1 0.0490809 0.00999738 0.0977207 0.0489451 0.0101785 0.0979019
0.05 0.01 0.1 0.049257 0.011167 0.0993543 0.0491734 0.0112786 0.0994659
0.05 0.01 0.1 0.0503871 0.00919209 0.10027 0.0504304 0.00913433 0.100212
0.05 0.01 0.1 0.0498038 0.00837022 0.0991001 0.0493973 0.00891233 0.0996422
0.05 0.01 0.1 0.0476947 0.00953085 0.0986281 0.0465223 0.011094 0.100191
0.05 0.01 0.1 0.0500084 0.00947593 0.0993315 0.0482693 0.0117947 0.10165
0.05 0.01 0.1 0.0487771 0.0105325 0.101057 0.048618 0.0107446 0.101269
0.05 0.01 0.1 0.050776 0.00971386 0.0990431 0.0502603 0.0104015 0.0997308
0.05 0.01 0.1 0.0523317 0.011892 0.101248 0.0519027 0.012464 0.10182
0.05 0.01 0.1 0.0470106 0.00996186 0.100692 0.0469383 0.0100582 0.100788
0.05 0.01 0.1 0.0471989 0.0119476 0.10282 0.0468642 0.0123937 0.103266
0.05 0.01 0.1 0.0504847 0.00813862 0.0990112 0.0488808 0.0102772 0.10115
0.05 0.05 0.01 0.0487232 0.0476149 0.00683555 0.0543312 0.0401376 -0.000641805
0.05 0.05 0.01 0.0487232 0.0476149 0.00683555 0.0543312 0.0401376 -0.000641805
0.05 0.05 0.01 0.048073 0.0533714 0.0131274 0.0526869 0.0472197 0.00697559
0.05 0.05 0.01 0.0516086 0.0490865 0.00899408 0.0555249 0.0438647 0.0037723
0.05 0.05 0.01 0.0489894 0.0498738 0.00928177 0.0534466 0.0439309 0.00333884
0.05 0.05 0.01 0.0504107 0.0482909 0.00762753 0.0556033 0.0413675 0.000704073
0.05 0.05 0.01 0.0547788 0.0507635 0.00972543 0.0589334 0.0452241 0.00418599
0.05 0.05 0.01 0.0492374 0.0511168 0.0106764 0.0544693 0.0441409 0.0037005
0.05 0.05 0.01 0.050768 0.0519239 0.012117 0.0561399 0.0447613 0.00495435
0.05 0.05 0.01 0.0504871 0.0488913 0.00913784 0.0551539 0.0426688 0.0029154
0.05 0.05 0.01 0.0503688 0.0478136 0.00767658 0.0544007 0.0424378 0.00230072
0.05 0.05 0.01 0.0487322 0.0475379 0.0072492 0.0522129 0.0428969 0.00260819
0.05 0.05 0.01 0.049642 0.0513966 0.010412 0.0541106 0.0454384 0.00445386
0.05 0.05 0.01 0.0492471 0.0470074 0.00664736 0.0540002 0.04067 0.000309896
0.05 0.05 0.01 0.0532806 0.049445 0.00952208 0.0573103 0.0440721 0.00414914
0.05 0.05 0.01 0.0486319 0.0482049 0.00749686 0.0520904 0.0435934 0.00288544
0.05 0.05 0.01 0.0507338 0.0499668 0.00917849 0.0546626 0.0447284 0.0039401
0.05 0.05 0.01 0.0517606 0.0527201 0.0129043 0.0562482 0.0467366 0.00692075
0.05 0.05 0.01 0.0512662 0.0479045 0.00761579 0.056344 0.041134 0.000845323
0.05 0.05 0.01 0.0482469 0.0465203 0.00616027 0.0530602 0.0401026 -0.00025743
0.05 0.05 0.05 0.0524121 0.050421 0.0486635 0.0632592 0.0359582 0.0342007
0.05 0.05 0.05 0.0524121 0.050421 0.0486635 0.0632592 0.0359582 0.0342007
0.05 0.05 0.05 0.0489271 0.0519076 0.0516578 0.0590155 0.0384564 0.0382066
0.05 0.05 0.05 0.0518057 0.0524 0.0518736 0.0610076 0.0401307 0.0396043
0.05 0.05 0.05 0.0499009 0.0502321 0.049902 0.0588484 0.0383021 0.037972
0.05 0.05 0.05 0.0508534 0.0492872 0.0471104 0.0566076 0.0416149 0.0394381
0.05 0.05 0.05 0.0493385 0.0488362 0.0483902 0.0587763 0.0362524 0.0358063
0.05 0.05 0.05 0.051283 0.0511722 0.0496824 0.0592268 0.0405805 0.0390906
0.05 0.05 0.05 0.0480911 0.0468582 0.0455914 0.0549468 0.0377172 0.0364504
0.05 0.05 0.05 0.0494358 0.0496038 0.0490239 0.0552301 0.041878 0.0412981
0.05 0.05 0.05 0.0483256 0.0488342 0.0492446 0.0558848 0.0387553 0.0391657
0.05 0.05 0.05 0.05073 0.0523257 0.0525844 0.0586637 0.0417475 0.0420062
0.05 0.05 0.05 0.0530932 0.0515156 0.04999 0.0615609 0.0402252 0.0386997
0.05 0.05 0.05 0.0492945 0.0483227 0.0471629 0.0557214 0.0397534 0.0385936
0.05 0.05 0.05 0.0521884 0.0503811 0.0504971 0.059385 0.0407856 0.0409016
0.05 0.05 0.05 0.0517216 0.0496901 0.0477274 0.0606973 0.0377225 0.0357598
0.05 0.05 0.05 0.048276 0.0512282 0.0503806 0.0577153 0.0386424 0.0377949
0.05 0.05 0.05 0.0501411 0.0521226 0.0513108 0.060608 0.0381667 0.0373548
0.05 0.05 0.05 0.0463049 0.049916 0.0510044 0.0545761 0.0388878 0.0399762
0.05 0.05 0.05 0.0519521 0.0474451 0.0474719 0.0601324 0.036538 0.0365648
0.05 0.05 0.1 0.0551434 0.0484698 0.0978672 0.0673988 0.0321292 0.0815266
0.05 0.05 0.1 0.0551434 0.0484698 0.0978672 0.0673988 0.0321292 0.0815266
0.05 0.05 0.1 0.0466291 0.0541913 0.103687 0.0608556 0.0352226 0.0847181
0.05 0.05 0.1 0.052176 0.0474067 0.097036 0.0625929 0.0335174 0.0831467
0.05 0.05 0.1 0.0514809 0.0517796 0.102096 0.0665685 0.0316628 0.081979
0.05 0.05 0.1 0.0549669 0.0497456 0.0981081 0.0688888 0.031183 0.0795455
0.05 0.05 0.1 0.0486919 0.0515839 0.103854 0.0624559 0.0332319 0.085502
0.05 0.05 0.1 0.0505416 0.0527069 0.101337 0.063158 0.035885 0.0845151
0.05 0.05 0.1 0.0487149 0.0480421 0.0959764 0.0613177 0.0312384 0.0791727
0.05 0.05 0.1 0.0450919 0.0550705 0.102835 0.0582478 0.0375293 0.085294
0.05 0.05 0.1 0.0514821 0.0480067 0.0979126 0.064927 0.0300802 0.0799861
0.05 0.05 0.1 0.0496668 0.0453944 0.0968437 0.0603936 0.031092 0.0825413
0.05 0.05 0.1 0.0486556 0.050748 0.0989499 0.0597432 0.0359647 0.0841666
0.05 0.05 0.1 0.0496094 0.0521943 0.101547 0.0624583 0.0350624 0.0844152
0.05 0.05 0.1 0.050578 0.0499015 0.100209 0.0620853 0.0345584 0.0848658
0.05 0.05 0.1 0.0515688 0.0494907 0.0982814 0.0626472 0.0347194 0.0835101
0.05 0.05 0.1 0.0504215 0.0568464 0.105066 0.0649124 0.0375251 0.0857449
0.05 0.05 0.1 0.0455065 0.0492249 0.0988899 0.0586974 0.031637 0.081302
0.05 0.05 0.1 0.0455326 0.0534165 0.104125 0.0592835 0.035082 0.0857908
0.05 0.05 0.1 0.0539914 0.0465337 0.0967251 0.0641718 0.0329597 0.0831511
0.05 0.1 0.01 0.0508992 0.0956909 0.00541604 0.0660531 0.0754857 -0.0147892
0.05 0.1 0.01 0.0508992 0.0956909 0.00541604 0.0660531 0.0754857 -0.0147892
0.05 0.1 0.01 0.0489785 0.102257 0.0125889 0.0657823 0.079852 -0.00981618
0.05 0.1 0.01 0.0523042 0.0994874 0.00889136 0.0690674 0.0771365 -0.0134596
0.05 0.1 0.01 0.0499049 0.0984731 0.00755591 0.0651261 0.0781781 -0.0127391
0.05 0.1 0.01 0.0542475 0.0921758 0.00180278 0.068982 0.0725298 -0.0178432
0.05 0.1 0.01 0.0576492 0.098902 0.00726219 0.0728809 0.0785931 -0.0130468
0.05 0.1 0.01 0.047579 0.102849 0.0129485 0.0642164 0.0806655 -0.0092347
0.05 0.1 0.01 0.0521192 0.101295 0.0109484 0.068678 0.0792163 -0.01113
0.05 0.1 0.01 0.0543884 0.0975928 0.00763913 0.0688948 0.078251 -0.0117027
0.05 0.1 0.01 0.049845 0.0976557 0.00897774 0.0658395 0.0763296 -0.0123484
0.05 0.1 0.01 0.050513 0.0991838 0.00845397 0.0671133 0.07705 -0.0136798
0.05 0.1 0.01 0.0492575 0.103511 0.0123526 0.0669626 0.0799039 -0.0112541
0.05 0.1 0.01 0.0477421 0.100095 0.00941907 0.0645551 0.077678 -0.0129983
0.05 0.1 0.01 0.0538087 0.0984177 0.00785737 0.0702407 0.0765085 -0.0140519
0.05 0.1 0.01 0.0496525 0.0964948 0.00523857 0.0645408 0.0766438 -0.0146124
0.05 0.1 0.01 0.0532746 0.0990779 0.00891012 0.0684683 0.0788197 -0.0113482
0.05 0.1 0.01 0.0502144 0.104537 0.0148505 0.0691174 0.0793325 -0.0103535
0.05 0.1 0.01 0.0510459 0.0953392 0.00531415 0.0681061 0.0725922 -0.0174328
0.05 0.1 0.01 0.0494144 0.0943415 0.00438775 0.0667881 0.0711766 -0.0187771
0.05 0.1 0.05 0.0545556 0.0983452 0.04678 0.0784292 0.0665137 0.0149484
0.05 0.1 0.05 0.0545556 0.0983452 0.04678 0.0784292 0.0665137 0.0149484
0.05 0.1 0.05 0.0518556 0.0995914 0.0490521 0.0774835 0.0654208 0.0148815
0.05 0.1 0.05 0.0518347 0.102922 0.0515444 0.0763559 0.0702274 0.0188495
0.05 0.1 0.05 0.0484036 0.100787 0.0500156 0.0727521 0.0683222 0.017551
0.05 0.1 0.05 0.0507141 0.0984345 0.0474135 0.0714008 0.0708522 0.0198312
0.05 0.1 0.05 0.0524486 0.0980725 0.0480328 0.0765509 0.0659361 0.0158964
0.05 0.1 0.05 0.0500884 0.101987 0.0501895 0.0749436 0.0688465 0.0170493
0.05 0.1 0.05 0.0484362 0.0977004 0.0468756 0.0734107 0.0644011 0.0135763
0.05 0.1 0.05 0.0502903 0.100612 0.049377 0.0706334 0.0734879 0.0222528
0.05 0.1 0.05 0.0472032 0.0996825 0.0509453 0.0709212 0.0680585 0.0193213
0.05 0.1 0.05 0.0526275 0.0972878 0.0476228 0.0752818 0.067082 0.017417
0.05 0.1 0.05 0.0504027 0.103297 0.0524724 0.075633 0.0696568 0.018832
0.05 0.1 0.05 0.0495913 0.098189 0.0466148 0.0734683 0.066353 0.0147788
0.05 0.1 0.05 0.0522911 0.102951 0.051475 0.077256 0.0696645 0.0181885
0.05 0.1 0.05 0.0554142 0.0984748 0.0460709 0.0796866 0.0661117 0.0137078
0.05 0.1 0.05 0.0490921 0.0996999 0.0487056 0.0724362 0.0685744 0.0175801
0.05 0.1 0.05 0.0530752 0.10175 0.0506304 0.0819133 0.0632988 0.0121796
0.05 0.1 0.05 0.0446519 0.100522 0.0521688 0.0691877 0.067808 0.0194544
0.05 0.1 0.05 0.0516525 0.0980416 0.048216 0.0756129 0.0660944 0.0162688
0.05 0.1 0.1 0.0612646 0.092794 0.0921249 0.0879643 0.0571944 0.0565253
0.05 0.1 0.1 0.0612646 0.092794 0.0921249 0.0879643 0.0571944 0.0565253
0.05 0.1 0.1 0.0481842 0.105306 0.103861 0.0829845 0.0589055 0.0574602
0.05 0.1 0.1 0.0590111 0.0905839 0.0892992 0.083401 0.058064 0.0567793
0.05 0.1 0.1 0.0457928 0.10999 0.10982 0.0849432 0.0577894 0.0576199
0.05 0.1 0.1 0.05467 0.102484 0.100646 0.0873899 0.0588576 0.0570198
0.05 0.1 0.1 0.0482991 0.100731 0.102962 0.0818283 0.0560256 0.0582559
0.05 0.1 0.1 0.0458144 0.107152 0.104841 0.0814281 0.0596672 0.0573566
0.05 0.1 0.1 0.0584493 0.0867165 0.0845843 0.0839094 0.0527696 0.0506374
0.05 0.1 0.1 0.044968 0.10776 0.105236 0.0787339 0.0627393 0.0602146
0.05 0.1 0.1 0.0511117 0.0986716 0.0986716 0.0856762 0.0525857 0.0525857
0.05 0.1 0.1 0.0580543 0.0875422 0.0886484 0.0855361 0.0508997 0.052006
0.05 0.1 0.1 0.0424526 0.11036 0.109138 0.0788165 0.0618749 0.0606527
0.05 0.1 0.1 0.0506245 0.101701 0.100372 0.0830975 0.0584037 0.0570744
0.05 0.1 0.1 0.0541623 0.0962688 0.0957692 0.0836183 0.0569941 0.0564945
0.05 0.1 0.1 0.0572432 0.0919007 0.0904733 0.0843891 0.0557062 0.0542788
0.05 0.1 0.1 0.0526897 0.107231 0.104055 0.0861508 0.0626165 0.0594405
0.05 0.1 0.1 0.0537293 0.0938031 0.0931429 0.0836644 0.0538895 0.0532293
0.05 0.1 0.1 0.0472414 0.103949 0.104529 0.0827964 0.0565424 0.0571223
0.05 0.1 0.1 0.0460796 0.106447 0.106251 0.0832907 0.0568327 0.0566364
0.1 0.01 0.01 0.0990425 0.00944427 0.00945319 0.0966693 0.0126086 0.0126175
0.1 0.01 0.01 0.0990425 0.00944427 0.00945319 0.0966693 0.0126086 0.0126175
0.1 0.01 0.01 0.100783 0.00945129 0.00977245 0.0976999 0.0135622 0.0138833
0.1 0.01 0.01 0.102095 0.0108755 0.0100191 0.0988109 0.0152539 0.0143975
0.1 0.01 0.01 0.101425 0.0103126 0.00984873 0.0977183 0.0152543 0.0147904
0.1 0.01 0.01 0.0994628 0.0103404 0.0100281 0.0967419 0.0139682 0.013656
0.1 0.01 0.01 0.107156 0.0100698 0.00982887 0.104794 0.0132192 0.0129784
0.1 0.01 0.01 0.101497 0.01019 0.0106361 0.0979899 0.0148661 0.0153122
0.1 0.01 0.01 0.104393 0.011049 0.0108795 0.101374 0.0150747 0.0149052
0.1 0.01 0.01 0.101353 0.0106028 0.01013 0.0992037 0.0134688 0.0129959
0.1 0.01 0.01 0.0994132 0.00848193 0.00931162 0.0959474 0.0131029 0.0139326
0.1 0.01 0.01 0.095297 0.00971775 0.00973559 0.0923996 0.0135808 0.0135987
0.1 0.01 0.01 0.100569 0.0106596 0.0107934 0.0985302 0.0133784 0.0135123
0.1 0.01 0.01 0.0973682 0.00983002 0.00974973 0.0947041 0.0133822 0.0133019
0.1 0.01 0.01 0.104117 0.0100385 0.0100296 0.101146 0.0140005 0.0139916
0.1 0.01 0.01 0.0967247 0.00898446 0.0086633 0.0934482 0.0133532 0.013032
0.1 0.01 0.01 0.103262 0.0086693 0.00847303 0.0996384 0.0135004 0.0133042
0.1 0.01 0.01 0.104678 0.010357 0.0110796 0.101074 0.0151629 0.0158856
0.1 0.01 0.01 0.10181 0.0109822 0.0105094 0.0990377 0.0146785 0.0142057
0.1 0.01 0.01 0.0949288 0.00889515 0.00926092 0.092435 0.0122202 0.012586
0.1 0.01 0.05 0.104042 0.00915076 0.0476106 0.10125 0.012873 0.0513329
0.1 0.01 0.05 0.104042 0.00915076 0.0476106 0.10125 0.012873 0.0513329
0.1 0.01 0.05 0.0997742 0.00934005 0.0492362 0.0969348 0.0131258 0.053022
0.1 0.01 0.05 0.102101 0.0102304 0.0494397 0.0983603 0.0152176 0.0544268
0.1 0.01 0.05 0.100349 0.0098735 0.049056 0.0980751 0.0129059 0.0520883
0.1 0.01 0.05 0.104267 0.0103715 0.048983 0.100816 0.0149728 0.0535843
0.1 0.01 0.05 0.0987418 0.00991028 0.0495388 0.0963945 0.01304 0.0526685
0.1 0.01 0.05 0.105117 0.0113195 0.0511086 0.101655 0.0159358 0.0557249
0.1 0.01 0.05 0.0971105 0.0102257 0.0490067 0.0952808 0.0126653 0.0514463
0.1 0.01 0.05 0.0997381 0.0126393 0.0515184 0.0971912 0.0160351 0.0549142
0.1 0.01 0.05 0.100505 0.00849587 0.0498016 0.0961804 0.0142617 0.0555675
0.1 0.01 0.05 0.0995598 0.00923578 0.0491855 0.0957388 0.0143304 0.05428
0.1 0.01 0.05 0.102969 0.0118944 0.0516835 0.0994752 0.016553 0.0563421
0.1 0.01 0.05 0.0977748 0.0102113 0.0498398 0.0942223 0.0149479 0.0545765
0.1 0.01 0.05 0.103251 0.00965878 0.0491356 0.100564 0.0132413 0.0527182
0.1 0.01 0.05 0.101367 0.00984283 0.0483651 0.0982797 0.0139595 0.0524818
0.1 0.01 0.05 0.0996491 0.00841443 0.0486674 0.0971747 0.0117136 0.0519666
0.1 0.01 0.05 0.102445 0.00780794 0.0483464 0.0978133 0.0139832 0.0545217
0.1 0.01 0.05 0.0953421 0.0104249 0.0511507 0.0923202 0.0144541 0.0551799
0.1 0.01 0.05 0.0988819 0.00885221 0.049132 0.0961817 0.0124524 0.0527322
0.1 0.01 0.1 0.106196 0.00813872 0.0978337 0.101703 0.0141288 0.103824
0.1 0.01 0.1 0.106196 0.00813872 0.0978337 0.101703 0.0141288 0.103824
0.1 0.01 0.1 0.0970404 0.00935678 0.0995067 0.0945202 0.012717 0.102867
0.1 0.01 0.1 0.100858 0.00782961 0.0970339 0.0959633 0.0143562 0.103561
0.1 0.01 0.1 0.103274 0.0113449 0.10096 0.0991119 0.0168943 0.106509
0.1 0.01 0.1 0.103727 0.0132117 0.10263 0.102396 0.014987 0.104405
0.1 0.01 0.1 0.102012 0.010687 0.103299 0.0997622 0.0136864 0.106299
0.1 0.01 0.1 0.101047 0.0127147 0.102017 0.0968288 0.0183389 0.107641
0.1 0.01 0.1 0.0968869 0.00948347 0.0975102 0.0933122 0.0142497 0.102276
0.1 0.01 0.1 0.10035 0.0107575 0.0990786 0.0997528 0.0115533 0.0998744
0.1 0.01 0.1 0.102292 0.0085443 0.0990511 0.0984474 0.0136709 0.104178
0.1 0.01 0.1 0.0959984 0.00904263 0.100343 0.0920421 0.0143177 0.105618
0.1 0.01 0.1 0.0975782 0.0126451 0.102046 0.0924525 0.0194794 0.10888
0.1 0.01 0.1 0.103436 0.0117142 0.102087 0.102366 0.0131411 0.103514
0.1 0.01 0.1 0.0998059 0.0126919 0.102735 0.0986706 0.0142056 0.104248
0.1 0.01 0.1 0.0993241 0.0109675 0.100029 0.0962047 0.0151267 0.104188
0.1 0.01 0.1 0.106484 0.0114863 0.100459 0.103839 0.0150124 0.103985
0.1 0.01 0.1 0.0941662 0.00897566 0.0996966 0.0909774 0.0132274 0.103948
0.1 0.01 0.1 0.0969676 0.0106633 0.101536 0.0945501 0.0138866 0.104759
0.1 0.01 0.1 0.101333 0.0113712 0.102262 0.0967835 0.017437 0.108327
0.1 0.05 0.01 0.100129 0.0483742 0.0085673 0.102008 0.0458686 0.0060617
0.1 0.05 0.01 0.100129 0.0483742 0.0085673 0.102008 0.0458686 0.0060617
0.1 0.05 0.01 0.0999966 0.0502805 0.0106252 0.103483 0.0456325 0.00597723
0.1 0.05 0.01 0.101218 0.0516564 0.0109217 0.105077 0.046511 0.00577624
0.1 0.05 0.01 0.0995763 0.0518683 0.0108123 0.101963 0.0486855 0.00762956
0.1 0.05 0.01 0.101548 0.0464693 0.00665345 0.10405 0.0431335 0.00331762
0.1 0.05 0.01 0.106289 0.0510453 0.0105693 0.11139 0.0442437 0.00376766
0.1 0.05 0.01 0.0984744 0.0538576 0.0146573 0.102674 0.0482575 0.00905725
0.1 0.05 0.01 0.104713 0.0512874 0.0107132 0.106742 0.048582 0.00800784
0.1 0.05 0.01 0.102245 0.0510536 0.0105597 0.105518 0.0466896 0.00619569
0.1 0.05 0.01 0.100291 0.0477289 0.00969728 0.102397 0.0449211 0.00688952
0.1 0.05 0.01 0.100476 0.0463127 0.00562258 0.103409 0.042402 0.0017118
0.1 0.05 0.01 0.100317 0.0518436 0.011769 0.103184 0.04802 0.00794539
0.1 0.05 0.01 0.0977099 0.0497271 0.00945628 0.101789 0.0442889 0.00401801
0.1 0.05 0.01 0.103743 0.0495762 0.00918939 0.108241 0.0435791 0.00319231
0.1 0.05 0.01 0.0988208 0.0467114 0.00595883 0.100555 0.0443988 0.00364616
0.1 0.05 0.01 0.105199 0.0486891 0.00898926 0.107397 0.0457577 0.00605783
0.1 0.05 0.01 0.101451 0.0545449 0.0150413 0.106308 0.0480685 0.00856489
0.1 0.05 0.01 0.101065 0.0490508 0.00902973 0.104138 0.0449532 0.00493218
0.1 0.05 0.01 0.0963725 0.0466207 0.0071706 0.0990553 0.0430436 0.00359356
0.1 0.05 0.05 0.102648 0.0504909 0.0488762 0.106997 0.0446919 0.0430772
0.1 0.05 0.05 0.102648 0.0504909 0.0488762 0.106997 0.0446919 0.0430772
0.1 0.05 0.05 0.101695 0.0487568 0.0477576 0.109393 0.0384937 0.0374945
0.1 0.05 0.05 0.102552 0.050033 0.0488375 0.107591 0.0433152 0.0421197
0.1 0.05 0.05 0.0982532 0.0513435 0.0501124 0.104134 0.0435024 0.0422713
0.1 0.05 0.05 0.103504 0.0498172 0.0493444 0.108801 0.042754 0.0422812
0.1 0.05 0.05 0.0996827 0.0512192 0.0516028 0.10628 0.0424224 0.042806
0.1 0.05 0.05 0.10164 0.0543574 0.0540808 0.106055 0.0484702 0.0481937
0.1 0.05 0.05 0.101373 0.0452854 0.0447501 0.108335 0.0360023 0.035467
0.1 0.05 0.05 0.097498 0.0566159 0.0550636 0.104294 0.0475543 0.046002
0.1 0.05 0.05 0.098762 0.0511333 0.0531495 0.104579 0.0433771 0.0453933
0.1 0.05 0.05 0.105831 0.0400309 0.039683 0.111263 0.0327877 0.0324397
0.1 0.05 0.05 0.0967977 0.0589801 0.0593013 0.105068 0.0479535 0.0482746
0.1 0.05 0.05 0.0971246 0.0512618 0.0505481 0.10379 0.042374 0.0416603
0.1 0.05 0.05 0.103172 0.051274 0.0496058 0.113011 0.0381561 0.0364878
0.1 0.05 0.05 0.10637 0.04571 0.0441845 0.111664 0.0386513 0.0371257
0.1 0.05 0.05 0.101035 0.0474914 0.0474111 0.105592 0.0414155 0.0413352
0.1 0.05 0.05 0.105176 0.0479391 0.0477072 0.109279 0.0424684 0.0422365
0.1 0.05 0.05 0.0968702 0.0481028 0.0494142 0.102073 0.0411663 0.0424777
0.1 0.05 0.05 0.0974508 0.0504887 0.0505065 0.103943 0.0418327 0.0418506
0.1 0.05 0.1 0.103352 0.0536351 0.103104 0.113583 0.0399935 0.0894623
0.1 0.05 0.1 0.103352 0.0536351 0.103104 0.113583 0.0399935 0.0894623
0.1 0.05 0.1 0.0969621 0.0532341 0.102007 0.11035 0.0353839 0.0841568
0.1 0.05 0.1 0.101994 0.0482414 0.0968716 0.108496 0.0395719 0.088202
0.1 0.05 0.1 0.0963806 0.0612529 0.110534 0.10845 0.0451604 0.0944418
0.1 0.05 0.1 0.104947 0.0530037 0.102142 0.115821 0.0385055 0.0876441
0.1 0.05 0.1 0.100199 0.0519612 0.10482 0.109654 0.0393539 0.0922128
0.1 0.05 0.1 0.0952546 0.0597892 0.1085 0.103777 0.0484266 0.097137
0.1 0.05 0.1 0.102271 0.0432298 0.0913157 0.106535 0.0375438 0.0856297
0.1 0.05 0.1 0.0939761 0.0606356 0.108579 0.107195 0.0430099 0.0909531
0.1 0.05 0.1 0.100401 0.0500267 0.100994 0.108705 0.0389555 0.089923
0.1 0.05 0.1 0.105419 0.040177 0.0902614 0.111756 0.0317276 0.0818119
0.1 0.05 0.1 0.0923169 0.0608452 0.110769 0.106429 0.0420296 0.0919534
0.1 0.05 0.1 0.10374 0.051089 0.100665 0.113422 0.0381793 0.0877551
0.1 0.05 0.1 0.104587 0.0465919 0.096248 0.110894 0.038183 0.0878391
0.1 0.05 0.1 0.105348 0.0426646 0.0914643 0.112001 0.0337937 0.0825933
0.1 0.05 0.1 0.11067 0.0480265 0.0959876 0.121469 0.0336281 0.0815892
0.1 0.05 0.1 0.102787 0.042061 0.0925289 0.111805 0.0300365 0.0805044
0.1 0.05 0.1 0.095348 0.054814 0.105692 0.107715 0.0383248 0.0892031
0.1 0.05 0.1 0.096457 0.0589662 0.109354 0.111639 0.0387234 0.089111
0.1 0.1 0.01 0.100743 0.0973881 0.00751473 0.115678 0.0774751 -0.0123983
0.1 0.1 0.01 0.100743 0.0973881 0.00751473 0.115678 0.0774751 -0.0123983
0.1 0.1 0.01 0.100853 0.0989969 0.00882913 0.118065 0.076048 -0.0141198
0.1 0.1 0.01 0.0986607 0.105003 0.01413 0.117205 0.0802775 -0.0105951
0.1 0.1 0.01 0.0980027 0.105555 0.0139596 0.115476 0.0822577 -0.00933752
0.1 0.1 0.01 0.1018 0.0978384 0.00774192 0.115679 0.0793336 -0.0107629
0.1 0.1 0.01 0.110388 0.0965054 0.00592725 0.12834 0.0725691 -0.0180091
0.1 0.1 0.01 0.0959754 0.105969 0.0170503 0.114205 0.0816629 -0.00725591
0.1 0.1 0.01 0.103927 0.101596 0.0114905 0.118104 0.0826934 -0.00741194
0.1 0.1 0.01 0.102108 0.0968045 0.00642254 0.117904 0.0757429 -0.0146391
0.1 0.1 0.01 0.105487 0.093235 0.00563649 0.121613 0.071734 -0.0158644
0.1 0.1 0.01 0.100469 0.0947885 0.00491512 0.11212 0.0792539 -0.0106195
0.1 0.1 0.01 0.102997 0.0974396 0.00720038 0.118754 0.0764301 -0.0138091
0.1 0.1 0.01 0.0908434 0.10891 0.0165658 0.1109 0.0821677 -0.0101769
0.1 0.1 0.01 0.102284 0.101667 0.0118922 0.119645 0.0785184 -0.0112569
0.1 0.1 0.01 0.102782 0.0939673 0.00414743 0.115622 0.0768472 -0.0129727
0.1 0.1 0.01 0.102762 0.0994039 0.00972679 0.117863 0.0792698 -0.0104074
0.1 0.1 0.01 0.099516 0.104031 0.014024 0.115847 0.082256 -0.00775124
0.1 0.1 0.01 0.103856 0.0973868 0.00711191 0.121494 0.0738693 -0.0164056
0.1 0.1 0.01 0.0942706 0.0980077 0.00888364 0.11084 0.0759156 -0.0132084
0.1 0.1 0.05 0.105977 0.100475 0.0488026 0.12581 0.074032 0.0223596
0.1 0.1 0.05 0.105977 0.100475 0.0488026 0.12581 0.074032 0.0223596
0.1 0.1 0.05 0.100059 0.101213 0.0495228 0.122846 0.0708307 0.0191405
0.1 0.1 0.05 0.106077 0.0971424 0.0453095 0.128539 0.0671941 0.0153612
0.1 0.1 0.05 0.0986719 0.101229 0.0500655 0.125063 0.0660419 0.0148781
0.1 0.1 0.05 0.102912 0.101532 0.0504927 0.12568 0.0711744 0.0201355
0.1 0.1 0.05 0.100206 0.103268 0.0535492 0.126177 0.0686394 0.0189209
0.1 0.1 0.05 0.101261 0.105072 0.0555589 0.127027 0.0707182 0.0212049
0.1 0.1 0.05 0.104358 0.0879517 0.0380547 0.119851 0.0672951 0.0173981
0.1 0.1 0.05 0.0964776 0.10937 0.0570017 0.123453 0.073403 0.0210348
0.1 0.1 0.05 0.0940764 0.106108 0.0587271 0.120832 0.0704344 0.0230532
0.1 0.1 0.05 0.108748 0.0846344 0.0348712 0.125838 0.0618477 0.0120845
0.1 0.1 0.05 0.096727 0.11065 0.0614577 0.120767 0.0785967 0.0294045
0.1 0.1 0.05 0.0964455 0.104328 0.0522186 0.12082 0.0718286 0.0197191
0.1 0.1 0.05 0.0992599 0.106935 0.0556192 0.12936 0.0668008 0.0154853
0.1 0.1 0.05 0.112228 0.0885902 0.0380152 0.132615 0.0614075 0.0108325
0.1 0.1 0.05 0.09702 0.101364 0.0513869 0.122861 0.0669097 0.0169324
0.1 0.1 0.05 0.112728 0.0915392 0.0410534 0.130354 0.0680372 0.0175514
0.1 0.1 0.05 0.0934729 0.101568 0.0533752 0.121438 0.0642817 0.0160887
0.1 0.1 0.05 0.0983032 0.0993412 0.0497208 0.123304 0.0660061 0.0163857
0.1 0.1 0.1 0.0955282 0.116371 0.115648 0.137801 0.060007 0.0592843
0.1 0.1 0.1 0.0955282 0.116371 0.115648 0.137801 0.060007 0.0592843
0.1 0.1 0.1 0.0866187 0.11626 0.11552 0.12901 0.0597381 0.0589976
0.1 0.1 0.1 0.111839 0.0840635 0.0826272 0.132005 0.0571757 0.0557394
0.1 0.1 0.1 0.10722 0.0955793 0.0950708 0.125718 0.0709157 0.0704071
0.1 0.1 0.1 0.110693 0.0946294 0.0933269 0.138622 0.0573901 0.0560876
0.1 0.1 0.1 0.106421 0.0934074 0.0964228 0.135763 0.0542847 0.0573001
0.1 0.1 0.1 0.099084 0.100537 0.0991987 0.125011 0.0659682 0.06463
0.1 0.1 0.1 0.104267 0.0913767 0.0903507 0.131814 0.0546472 0.0536213
0.1 0.1 0.1 0.0896666 0.118945 0.116305 0.131052 0.0637654 0.0611247
0.1 0.1 0.1 0.111467 0.0879541 0.0891674 0.131151 0.0617079 0.0629212
0.1 0.1 0.1 0.109689 0.085279 0.0856359 0.135907 0.0503205 0.0506774
0.1 0.1 0.1 0.087799 0.116364 0.116953 0.121649 0.0712301 0.0718189
0.1 0.1 0.1 0.0872164 0.123734 0.12228 0.136345 0.0582295 0.0567753
0.1 0.1 0.1 0.0969011 0.105957 0.105984 0.125295 0.0680991 0.0681259
0.1 0.1 0.1 0.112388 0.0818099 0.0814709 0.133016 0.0543065 0.0539675
0.1 0.1 0.1 0.103268 0.108431 0.1067 0.13591 0.0649076 0.0631769
0.1 0.1 0.1 0.113213 0.0763398 0.0758938 0.139359 0.0414785 0.0410324
0.1 0.1 0.1 0.104826 0.0909695 0.0922809 0.125671 0.0631757 0.0644872
0.1 0.1 0.1 0.0964748 0.10966 0.110338 0.130486 0.0643111 0.0649891
