0.01 0.01 0.01 0.00992152 0.0088658 0.00921373 0.00778043 0.0117206 0.0120685
0.01 0.01 0.01 0.00992152 0.0088658 0.00921373 0.00778043 0.0117206 0.0120685
0.01 0.01 0.01 0.0105829 0.0103508 0.0102526 0.00858088 0.0130201 0.012922
0.01 0.01 0.01 0.0100158 0.00981941 0.00944472 0.00799955 0.0125078 0.0121331
0.01 0.01 0.01 0.00822403 0.0090224 0.00867447 0.00658809 0.0112036 0.0108557
0.01 0.01 0.01 0.0100437 0.00960018 0.00960018 0.00810117 0.0121902 0.0121902
0.01 0.01 0.01 0.0115661 0.0119008 0.0115172 0.00921613 0.0150341 0.0146505
0.01 0.01 0.01 0.0100089 0.0101018 0.0103427 0.00808621 0.0126653 0.0129062
0.01 0.01 0.01 0.00861348 0.00954349 0.00912418 0.00694441 0.0117689 0.0113496
0.01 0.01 0.01 0.0093943 0.00941271 0.00908262 0.00735529 0.0121314 0.0118013
0.01 0.01 0.01 0.0103923 0.00959056 0.0103667 0.00830889 0.0123684 0.0131446
0.01 0.01 0.01 0.011208 0.0112468 0.0110863 0.00890462 0.0143181 0.0141575
0.01 0.01 0.01 0.0101664 0.00960566 0.0100785 0.00812133 0.0123324 0.0128052
0.01 0.01 0.01 0.00967416 0.00957274 0.0096798 0.0078481 0.0120075 0.0121145
0.01 0.01 0.01 0.0104123 0.0101231 0.0103194 0.00844223 0.0127498 0.0129461
0.01 0.01 0.01 0.00913219 0.00857878 0.00836467 0.00727717 0.0110521 0.010838
0.01 0.01 0.01 0.0112824 0.0113037 0.0104651 0.00892947 0.014441 0.0136024
0.01 0.01 0.01 0.0100344 0.0100157 0.0101852 0.00823354 0.0124169 0.0125864
0.01 0.01 0.01 0.0102076 0.00995382 0.00916874 0.00800141 0.0128954 0.0121104
0.01 0.01 0.01 0.00989198 0.00908725 0.00934597 0.00784886 0.0118114 0.0120701
0.01 0.01 0.01 0.0090681 0.00967858 0.00962505 0.00722191 0.0121402 0.0120866
0.01 0.01 0.01 0.0106628 0.0106603 0.0107763 0.00856536 0.013457 0.0135729
0.01 0.01 0.01 0.00966384 0.0105618 0.0103388 0.00781941 0.0130211 0.012798
0.01 0.01 0.01 0.0104419 0.011345 0.0103369 0.00858384 0.0138224 0.0128143
0.01 0.01 0.01 0.010098 0.00990491 0.00969972 0.0078976 0.0128388 0.0126336
0.01 0.01 0.01 0.0094963 0.0103691 0.00943234 0.00767138 0.0128023 0.0118656
0.01 0.01 0.01 0.00971944 0.0102016 0.00981798 0.00770832 0.0128831 0.0124995
0.01 0.01 0.01 0.0105 0.0104483 0.00984164 0.00839966 0.0132487 0.0126421
0.01 0.01 0.01 0.0101552 0.0092825 0.00913084 0.00812611 0.0119879 0.0118363
0.01 0.01 0.01 0.0110236 0.0113367 0.0114616 0.00886898 0.0142095 0.0143344
0.01 0.01 0.05 0.0107588 0.00984317 0.0482049 0.0106218 0.0100257 0.0483874
0.01 0.01 0.05 0.0107588 0.00984317 0.0482049 0.0106218 0.0100257 0.0483874
0.01 0.01 0.05 0.0104769 0.00988089 0.0488314 0.0102553 0.0101763 0.0491268
0.01 0.01 0.05 0.0100448 0.0109642 0.0502983 0.0102303 0.0107168 0.0500509
0.01 0.01 0.05 0.00769191 0.0088606 0.0484534 0.00795361 0.00851167 0.0481045
0.01 0.01 0.05 0.0102315 0.0105332 0.0484578 0.0103845 0.0103292 0.0482537
0.01 0.01 0.05 0.0100473 0.0107268 0.0502929 0.0100197 0.0107635 0.0503296
0.01 0.01 0.05 0.0110338 0.0115181 0.0516016 0.0108765 0.0117279 0.0518114
0.01 0.01 0.05 0.00900516 0.00952843 0.0481399 0.00899611 0.00954049 0.048152
0.01 0.01 0.05 0.0093152 0.0102724 0.0491783 0.00943573 0.0101117 0.0490176
0.01 0.01 0.05 0.00895711 0.00861715 0.0501638 0.00874996 0.00889335 0.05044
0.01 0.01 0.05 0.0105738 0.0112601 0.050853 0.0104155 0.0114713 0.0510642
0.01 0.01 0.05 0.0112141 0.0104325 0.0500788 0.0106369 0.0112021 0.0508484
0.01 0.01 0.05 0.0108084 0.0109473 0.05079 0.0106105 0.0112112 0.0510538
0.01 0.01 0.05 0.0121967 0.0119572 0.0519783 0.0120761 0.0121181 0.0521391
0.01 0.01 0.05 0.00997431 0.00996581 0.0489074 0.00966286 0.0103811 0.0493226
0.01 0.01 0.05 0.00924889 0.00865727 0.0487854 0.00906303 0.00890508 0.0490332
0.01 0.01 0.05 0.00959114 0.0102686 0.0502451 0.00968466 0.0101439 0.0501204
0.01 0.01 0.05 0.00950445 0.00866764 0.0493935 0.00935798 0.00886293 0.0495888
0.01 0.01 0.05 0.00993724 0.0104964 0.0502677 0.00993152 0.010504 0.0502753
0.01 0.01 0.05 0.00886219 0.00882174 0.0478525 0.00870675 0.009029 0.0480598
0.01 0.01 0.05 0.0111047 0.0121258 0.0520487 0.0110827 0.0121552 0.0520781
0.01 0.01 0.05 0.00825843 0.00852139 0.0483997 0.0083564 0.00839076 0.0482691
0.01 0.01 0.05 0.0121187 0.0122304 0.0512255 0.0122077 0.0121117 0.0511068
0.01 0.01 0.05 0.00987595 0.00957678 0.0489823 0.00981635 0.00965625 0.0490617
0.01 0.01 0.05 0.0107571 0.0108727 0.0497965 0.0106839 0.0109703 0.049894
0.01 0.01 0.05 0.0101539 0.0101164 0.0498609 0.00991884 0.0104299 0.0501744
0.01 0.01 0.05 0.0100106 0.0109187 0.0499406 0.0100273 0.0108965 0.0499184
0.01 0.01 0.05 0.0088394 0.0078768 0.0469879 0.00858066 0.00822179 0.0473329
0.01 0.01 0.05 0.011112 0.0109068 0.0498216 0.0106727 0.0114924 0.0504073
0.01 0.01 0.1 0.0122617 0.010063 0.100052 0.0132261 0.00877717 0.0987666
0.01 0.01 0.1 0.0122617 0.010063 0.100052 0.0132261 0.00877717 0.0987666
0.01 0.01 0.1 0.0100251 0.0106134 0.100041 0.0112445 0.00898746 0.0984148
0.01 0.01 0.1 0.00913594 0.0114608 0.100585 0.0107775 0.00927205 0.0983961
0.01 0.01 0.1 0.00988021 0.0117558 0.102156 0.0118097 0.00918322 0.099583
0.01 0.01 0.1 0.0106096 0.0119278 0.101007 0.0122896 0.00968773 0.0987671
0.01 0.01 0.1 0.00938093 0.00978165 0.102581 0.0106342 0.00811057 0.10091
0.01 0.01 0.1 0.0108253 0.0133567 0.102864 0.0127224 0.0108272 0.100335
0.01 0.01 0.1 0.0085775 0.00855111 0.0961317 0.00924328 0.00766341 0.095244
0.01 0.01 0.1 0.00778602 0.00935934 0.0972344 0.00914028 0.00755365 0.0954287
0.01 0.01 0.1 0.00992048 0.00988152 0.101316 0.0112848 0.00806243 0.0994971
0.01 0.01 0.1 0.0107016 0.0112329 0.101918 0.0119067 0.0096261 0.100311
0.01 0.01 0.1 0.0087655 0.00931479 0.0988403 0.00995743 0.00772554 0.097251
0.01 0.01 0.1 0.0101788 0.00874384 0.0992774 0.0111058 0.00750781 0.0980414
0.01 0.01 0.1 0.0115837 0.0115782 0.102058 0.0130179 0.00966603 0.100146
0.01 0.01 0.1 0.00995155 0.00959302 0.0988241 0.010671 0.00863373 0.0978648
0.01 0.01 0.1 0.00972243 0.00997654 0.0992968 0.0107812 0.00856482 0.0978851
0.01 0.01 0.1 0.00970905 0.00887599 0.0999627 0.010397 0.00795878 0.0990455
0.01 0.01 0.1 0.00829909 0.00703669 0.0975703 0.00923175 0.00579313 0.0963267
0.01 0.01 0.1 0.0115701 0.010439 0.101481 0.0126439 0.00900721 0.100049
0.01 0.01 0.1 0.00913629 0.0108101 0.0999163 0.0104246 0.00909238 0.0981986
0.01 0.01 0.1 0.0101489 0.0105523 0.101407 0.0114988 0.0087524 0.0996072
0.01 0.01 0.1 0.00903502 0.00985273 0.0998153 0.010928 0.0073287 0.0972913
0.01 0.01 0.1 0.0103449 0.0106421 0.099882 0.0118256 0.00866782 0.0979078
0.01 0.01 0.1 0.0102683 0.0107182 0.0992266 0.0116133 0.00892491 0.0974334
0.01 0.01 0.1 0.0101952 0.0112708 0.100805 0.0114399 0.00961119 0.0991456
0.01 0.01 0.1 0.00924921 0.0109196 0.100597 0.0108334 0.00880738 0.0984845
0.01 0.01 0.1 0.0108309 0.012712 0.10114 0.0128123 0.0100701 0.0984983
0.01 0.01 0.1 0.0102581 0.00914532 0.0999555 0.0113815 0.00764742 0.0984576
0.01 0.01 0.1 0.00916099 0.00932065 0.0987123 0.0102573 0.00785891 0.0972506
0.01 0.05 0.01 0.0095572 0.0463751 0.00696071 0.0108357 0.0446704 0.00525603
0.01 0.05 0.01 0.0095572 0.0463751 0.00696071 0.0108357 0.0446704 0.00525603
0.01 0.05 0.01 0.00957925 0.0516775 0.0107465 0.0117464 0.048788 0.007857
0.01 0.05 0.01 0.00995356 0.0492018 0.0095554 0.0111404 0.0476193 0.00797293
0.01 0.05 0.01 0.00907046 0.0490138 0.00921574 0.0107456 0.0467802 0.00698222
0.01 0.05 0.01 0.0103358 0.0475477 0.00811547 0.0112985 0.0462641 0.00683186
0.01 0.05 0.01 0.011407 0.0527258 0.0121159 0.0123843 0.0514227 0.0108128
0.01 0.05 0.01 0.00992104 0.0493622 0.0100102 0.0115343 0.0472112 0.0078592
0.01 0.05 0.01 0.00917296 0.0497354 0.0094913 0.0110538 0.0472276 0.00698349
0.01 0.05 0.01 0.0103755 0.0498356 0.00886888 0.0116355 0.0481556 0.00718893
0.01 0.05 0.01 0.00976471 0.0496096 0.00978483 0.0112266 0.0476604 0.00783563
0.01 0.05 0.01 0.0103197 0.0512104 0.0108504 0.011911 0.0490887 0.0087286
0.01 0.05 0.01 0.00997754 0.0490137 0.00890347 0.0117783 0.0466127 0.00650242
0.01 0.05 0.01 0.0096179 0.0455139 0.0063493 0.0108689 0.043846 0.00468135
0.01 0.05 0.01 0.0104506 0.0509449 0.0106294 0.0121314 0.0487038 0.00838834
0.01 0.05 0.01 0.00999565 0.0458945 0.00651583 0.0109549 0.0446155 0.00523676
0.01 0.05 0.01 0.0111389 0.0523159 0.0115008 0.0121186 0.0510096 0.0101946
0.01 0.05 0.01 0.00916045 0.0541085 0.0134273 0.0116533 0.0507848 0.0101035
0.01 0.05 0.01 0.0106126 0.0496365 0.00846462 0.0120376 0.0477365 0.00656464
0.01 0.05 0.01 0.0098741 0.0463297 0.00699559 0.0109264 0.0449267 0.00559255
0.01 0.05 0.01 0.00874523 0.0466385 0.00709023 0.0104566 0.0443567 0.00480843
0.01 0.05 0.01 0.0111701 0.0510129 0.0125798 0.0124447 0.0493135 0.0108804
0.01 0.05 0.01 0.0100699 0.0509714 0.0106113 0.0118129 0.0486474 0.00828729
0.01 0.05 0.01 0.00992079 0.0527306 0.0121208 0.0119713 0.0499967 0.00938681
0.01 0.05 0.01 0.0101262 0.0474631 0.00738854 0.0111568 0.0460889 0.00601433
0.01 0.05 0.01 0.00998199 0.0534033 0.0117764 0.0118795 0.0508732 0.00924635
0.01 0.05 0.01 0.00834132 0.0485035 0.00743861 0.0102532 0.0459543 0.00488944
0.01 0.05 0.01 0.00964421 0.0492111 0.0087529 0.0113458 0.0469424 0.00648416
0.01 0.05 0.01 0.0104651 0.0487668 0.00836208 0.0117943 0.0469946 0.00658989
0.01 0.05 0.01 0.0100421 0.0511384 0.0118667 0.0117439 0.0488693 0.00959762
0.01 0.05 0.05 0.0100393 0.0524296 0.0505115 0.0161799 0.0442421 0.042324
0.01 0.05 0.05 0.0100393 0.0524296 0.0505115 0.0161799 0.0442421 0.042324
0.01 0.05 0.05 0.00980325 0.0534466 0.0519388 0.0165121 0.0445014 0.0429937
0.01 0.05 0.05 0.0102228 0.0528871 0.0522359 0.0174298 0.0432778 0.0426265
0.01 0.05 0.05 0.0092709 0.0480443 0.0481959 0.0153872 0.0398892 0.0400409
0.01 0.05 0.05 0.0102258 0.0512576 0.04917 0.0162428 0.043235 0.0411474
0.01 0.05 0.05 0.00974435 0.0495978 0.0485718 0.0160498 0.0411904 0.0401645
0.01 0.05 0.05 0.00999802 0.0518344 0.0516114 0.0167031 0.0428943 0.0426713
0.01 0.05 0.05 0.0095851 0.0471572 0.045703 0.0153304 0.0394967 0.0380426
0.01 0.05 0.05 0.00911975 0.04887 0.0471661 0.0152566 0.0406875 0.0389835
0.01 0.05 0.05 0.00990685 0.0481717 0.0499559 0.016063 0.0399635 0.0417477
0.01 0.05 0.05 0.0103317 0.0513895 0.0505242 0.0164113 0.0432833 0.0424179
0.01 0.05 0.05 0.0108944 0.0514976 0.0510426 0.0170128 0.0433397 0.0428847
0.01 0.05 0.05 0.0104636 0.049198 0.0494478 0.0160188 0.041791 0.0420408
0.01 0.05 0.05 0.0110434 0.054784 0.0545432 0.0174235 0.0462772 0.0460363
0.01 0.05 0.05 0.0101861 0.049841 0.0488864 0.0154886 0.042771 0.0418165
0.01 0.05 0.05 0.00991984 0.0485965 0.047972 0.015686 0.0409083 0.0402838
0.01 0.05 0.05 0.00867817 0.0527489 0.0523742 0.0155766 0.0435511 0.0431764
0.01 0.05 0.05 0.00977062 0.0478591 0.0480197 0.0155424 0.0401635 0.040324
0.01 0.05 0.05 0.00997258 0.0494885 0.049203 0.0159244 0.0415528 0.0412673
0.01 0.05 0.05 0.0104111 0.0475514 0.0457314 0.0153625 0.0409495 0.0391295
0.01 0.05 0.05 0.0106914 0.0517031 0.0523097 0.016829 0.0435196 0.0441263
0.01 0.05 0.05 0.00930235 0.047027 0.0467237 0.0154497 0.0388306 0.0385272
0.01 0.05 0.05 0.0108821 0.0550121 0.0534241 0.0175552 0.0461146 0.0445266
0.01 0.05 0.05 0.0101845 0.0475023 0.0468689 0.0161336 0.0395703 0.0389369
0.01 0.05 0.05 0.00994498 0.0524903 0.0505276 0.0171062 0.042942 0.0409793
0.01 0.05 0.05 0.00920825 0.0521592 0.0514722 0.0163599 0.0426237 0.0419367
0.01 0.05 0.05 0.00880021 0.0518319 0.0505829 0.0154543 0.0429599 0.0417109
0.01 0.05 0.05 0.00956337 0.0476803 0.0458871 0.0156384 0.0395803 0.0377871
0.01 0.05 0.05 0.00962118 0.0524799 0.0514986 0.0162602 0.0436279 0.0426465
0.01 0.05 0.1 0.00998696 0.0524083 0.102386 0.0213579 0.0372471 0.0872244
0.01 0.05 0.1 0.00998696 0.0524083 0.102386 0.0213579 0.0372471 0.0872244
0.01 0.05 0.1 0.0090838 0.0502444 0.0997667 0.0200374 0.0356396 0.0851619
0.01 0.05 0.1 0.00887702 0.0505461 0.100122 0.0189823 0.0370725 0.0866483
0.01 0.05 0.1 0.0101355 0.0546031 0.105508 0.0219429 0.0388599 0.089765
0.01 0.05 0.1 0.00993112 0.0552397 0.10486 0.0226336 0.0383031 0.0879235
0.01 0.05 0.1 0.0100199 0.0502967 0.103387 0.021161 0.035442 0.0885328
0.01 0.05 0.1 0.0101626 0.0535786 0.103627 0.0222069 0.0375195 0.0875682
0.01 0.05 0.1 0.00982022 0.0472598 0.0945161 0.0200103 0.033673 0.0809293
0.01 0.05 0.1 0.00797345 0.0507885 0.0980626 0.0194989 0.0354212 0.0826953
0.01 0.05 0.1 0.00987684 0.0498112 0.101831 0.0211539 0.0347752 0.0867954
0.01 0.05 0.1 0.00964687 0.0514573 0.102362 0.0207219 0.0366906 0.0875956
0.01 0.05 0.1 0.00990964 0.0461393 0.095385 0.0196555 0.0331449 0.0823906
0.01 0.05 0.1 0.0116047 0.0465711 0.0981631 0.020143 0.0351867 0.0867787
0.01 0.05 0.1 0.00952205 0.0509735 0.102503 0.0205882 0.0362186 0.0877482
0.01 0.05 0.1 0.00995045 0.0511956 0.101235 0.0217252 0.0354959 0.0855356
0.01 0.05 0.1 0.00930061 0.0541557 0.10292 0.0208222 0.0387936 0.0875576
0.01 0.05 0.1 0.00787523 0.0481756 0.0994554 0.0182884 0.0342913 0.0855711
0.01 0.05 0.1 0.00881068 0.0473054 0.0975593 0.0191158 0.0335653 0.0838191
0.01 0.05 0.1 0.0112401 0.0477465 0.0995615 0.0207895 0.035014 0.086829
0.01 0.05 0.1 0.00948973 0.049144 0.0981756 0.0196243 0.0356312 0.0846628
0.01 0.05 0.1 0.0104239 0.0493029 0.101368 0.0209531 0.0352639 0.0873288
0.01 0.05 0.1 0.00942443 0.0477745 0.0980194 0.0196583 0.0341294 0.0843743
0.01 0.05 0.1 0.00921745 0.0521339 0.101112 0.0205363 0.0370421 0.0860202
0.01 0.05 0.1 0.0101203 0.0513982 0.0995555 0.0208333 0.0371143 0.0852716
0.01 0.05 0.1 0.0100596 0.0522465 0.101323 0.0212586 0.0373145 0.0863907
0.01 0.05 0.1 0.00880219 0.05101 0.100514 0.0196406 0.0365588 0.0860632
0.01 0.05 0.1 0.00976792 0.0567188 0.105206 0.0226702 0.0395157 0.0880031
0.01 0.05 0.1 0.00979665 0.0507114 0.101492 0.0210918 0.0356512 0.0864314
0.01 0.05 0.1 0.00874939 0.0477903 0.0971787 0.0192715 0.0337608 0.0831492
0.01 0.1 0.01 0.0107527 0.0964606 0.00706897 0.0195013 0.0847958 -0.00459582
0.01 0.1 0.01 0.0107527 0.0964606 0.00706897 0.0195013 0.0847958 -0.00459582
0.01 0.1 0.01 0.00941212 0.100303 0.0102866 0.0191877 0.0872687 -0.00274746
0.01 0.1 0.01 0.0114223 0.100887 0.0107189 0.0193542 0.0903108 0.000143012
0.01 0.1 0.01 0.00898623 0.0998043 0.0101985 0.0182432 0.0874617 -0.00214408
0.01 0.1 0.01 0.0115124 0.0995962 0.00944619 0.0201973 0.0880163 -0.00213369
0.01 0.1 0.01 0.0126949 0.103975 0.0118806 0.0209598 0.0929555 0.000860716
0.01 0.1 0.01 0.0107442 0.099307 0.00918377 0.0193936 0.0877744 -0.00234879
0.01 0.1 0.01 0.0105437 0.102357 0.0124303 0.0199162 0.0898605 -6.64547e-05
0.01 0.1 0.01 0.0109689 0.0995276 0.00865497 0.0194855 0.088172 -0.00270063
0.01 0.1 0.01 0.00996219 0.0970335 0.00731173 0.0191294 0.0848105 -0.00491122
0.01 0.1 0.01 0.0100259 0.0987821 0.00842693 0.0185604 0.0874028 -0.00295238
0.01 0.1 0.01 0.0101165 0.103668 0.0131077 0.020196 0.0902287 -0.00033161
0.01 0.1 0.01 0.010232 0.0972069 0.00781522 0.0192539 0.0851776 -0.00421401
0.01 0.1 0.01 0.0104375 0.103097 0.0122244 0.0202 0.0900803 -0.000792266
0.01 0.1 0.01 0.0103889 0.0957362 0.00562194 0.0182893 0.0852025 -0.0049118
0.01 0.1 0.01 0.0113754 0.10078 0.00985396 0.0196012 0.0898123 -0.00111377
0.01 0.1 0.01 0.0086856 0.106161 0.0157167 0.0188943 0.0925495 0.00210511
0.01 0.1 0.01 0.0105387 0.0998671 0.00844136 0.0197249 0.0876188 -0.00380691
0.01 0.1 0.01 0.0102548 0.0938994 0.0042579 0.018724 0.0826072 -0.00703425
0.01 0.1 0.01 0.00939289 0.0985858 0.00862319 0.0189746 0.0858102 -0.00415243
0.01 0.1 0.01 0.0103962 0.101279 0.0124765 0.0196308 0.0889666 0.000163731
0.01 0.1 0.01 0.00957626 0.101748 0.0106975 0.0192404 0.088863 -0.002188
0.01 0.1 0.01 0.0111867 0.102813 0.0121816 0.0197963 0.0913338 0.000702081
0.01 0.1 0.01 0.00965926 0.0961109 0.00712073 0.0184615 0.0843746 -0.00461556
0.01 0.1 0.01 0.00956071 0.103161 0.0111372 0.0192707 0.090214 -0.0018094
0.01 0.1 0.01 0.00946282 0.099728 0.00804356 0.0189055 0.0871377 -0.0045467
0.01 0.1 0.01 0.0102693 0.0990818 0.00865531 0.0191341 0.0872621 -0.00316439
0.01 0.1 0.01 0.0112296 0.0999472 0.00963662 0.0196342 0.0887411 -0.0015695
0.01 0.1 0.01 0.00910592 0.102311 0.0123569 0.0193156 0.0886977 -0.00125603
0.01 0.1 0.05 0.0111064 0.103506 0.0518154 0.0281966 0.0807186 0.0290285
0.01 0.1 0.05 0.0111064 0.103506 0.0518154 0.0281966 0.0807186 0.0290285
0.01 0.1 0.05 0.00966644 0.0988323 0.0482573 0.0262043 0.0767819 0.0262069
0.01 0.1 0.05 0.010343 0.103366 0.0521665 0.0285648 0.0790703 0.0278708
0.01 0.1 0.05 0.00858869 0.100178 0.050433 0.02568 0.0773899 0.0276446
0.01 0.1 0.05 0.0108033 0.102037 0.0497046 0.0269291 0.080536 0.0282035
0.01 0.1 0.05 0.00998338 0.0987868 0.047293 0.0270403 0.0760442 0.0245503
0.01 0.1 0.05 0.0100372 0.104008 0.052398 0.0280663 0.0799691 0.0283592
0.01 0.1 0.05 0.0105295 0.0953018 0.043915 0.0259491 0.0747423 0.0233555
0.01 0.1 0.05 0.00915024 0.102408 0.050423 0.0261183 0.0797834 0.0277989
0.01 0.1 0.05 0.00999617 0.096481 0.0478063 0.0265183 0.0744515 0.0257768
0.01 0.1 0.05 0.00975184 0.0993296 0.0492453 0.0253046 0.0785926 0.0285083
0.01 0.1 0.05 0.0112847 0.103346 0.0521374 0.0283212 0.0806305 0.0294221
0.01 0.1 0.05 0.0110264 0.0977732 0.0473945 0.0264772 0.0771722 0.0267935
0.01 0.1 0.05 0.0100813 0.104716 0.0541681 0.026459 0.0828794 0.0323312
0.01 0.1 0.05 0.010324 0.102546 0.05016 0.0269214 0.0804163 0.0280303
0.01 0.1 0.05 0.0096948 0.0978842 0.0468988 0.0261982 0.0758796 0.0248943
0.01 0.1 0.05 0.00792262 0.105592 0.0548474 0.0267399 0.0805022 0.0297577
0.01 0.1 0.05 0.00888477 0.0966234 0.0473509 0.024253 0.0761324 0.02686
0.01 0.1 0.05 0.00993572 0.10032 0.0504051 0.0274611 0.0769527 0.0270379
0.01 0.1 0.05 0.0110874 0.0971588 0.0449869 0.025463 0.0779913 0.0258194
0.01 0.1 0.05 0.00971864 0.101208 0.0512035 0.0268203 0.0784052 0.0284012
0.01 0.1 0.05 0.00913685 0.0997725 0.0492153 0.0269337 0.0760433 0.0254862
0.01 0.1 0.05 0.012025 0.099745 0.0486704 0.0267092 0.080166 0.0290915
0.01 0.1 0.05 0.00872513 0.0981367 0.0480435 0.0259288 0.0751984 0.0251052
0.01 0.1 0.05 0.00937812 0.102377 0.0500086 0.0267721 0.0791848 0.0268166
0.01 0.1 0.05 0.00823325 0.105815 0.0535806 0.0263505 0.0816586 0.0294242
0.01 0.1 0.05 0.00861228 0.102436 0.0505849 0.0256061 0.0797771 0.0279264
0.01 0.1 0.05 0.00901156 0.100044 0.0480233 0.0258591 0.0775802 0.02556
0.01 0.1 0.05 0.0100136 0.101386 0.0491699 0.0266208 0.0792435 0.027027
0.01 0.1 0.1 0.0121097 0.102376 0.102537 0.036415 0.0699689 0.0701294
0.01 0.1 0.1 0.0121097 0.102376 0.102537 0.036415 0.0699689 0.0701294
0.01 0.1 0.1 0.00859756 0.0991651 0.098835 0.0330724 0.066532 0.0662019
0.01 0.1 0.1 0.00795522 0.101582 0.100645 0.0317992 0.0697901 0.0688534
0.01 0.1 0.1 0.0113341 0.103176 0.104282 0.0366856 0.0693739 0.0704802
0.01 0.1 0.1 0.0105895 0.10608 0.105037 0.0379575 0.0695898 0.068546
0.01 0.1 0.1 0.00862061 0.102489 0.104604 0.0352214 0.0670218 0.0691362
0.01 0.1 0.1 0.010164 0.104723 0.103251 0.0362105 0.0699945 0.0685225
0.01 0.1 0.1 0.0115184 0.0932809 0.0906224 0.0332343 0.0643265 0.0616679
0.01 0.1 0.1 0.00702913 0.101542 0.0984824 0.0322951 0.0678544 0.0647944
0.01 0.1 0.1 0.00963974 0.101612 0.102094 0.0356723 0.0669018 0.0673835
0.01 0.1 0.1 0.0100952 0.0973373 0.0998353 0.0335438 0.0660725 0.0685705
0.01 0.1 0.1 0.0101762 0.0984388 0.0968418 0.0339422 0.0667507 0.0651537
0.01 0.1 0.1 0.01204 0.0992567 0.100461 0.034318 0.0695527 0.0707571
0.01 0.1 0.1 0.00806845 0.105553 0.106446 0.0335234 0.0716136 0.0725057
0.01 0.1 0.1 0.0101951 0.101951 0.101496 0.0346516 0.069342 0.068887
0.01 0.1 0.1 0.00962938 0.107413 0.104656 0.0362147 0.0719655 0.0692088
0.01 0.1 0.1 0.00744021 0.096976 0.0971187 0.0323795 0.0637235 0.0638663
0.01 0.1 0.1 0.0073633 0.0993023 0.0992577 0.0323905 0.0659326 0.065888
0.01 0.1 0.1 0.0101777 0.100504 0.101753 0.0352751 0.0670411 0.0682901
0.01 0.1 0.1 0.0105889 0.101647 0.100451 0.0349821 0.0691224 0.067927
0.01 0.1 0.1 0.0121961 0.0969679 0.0989217 0.0350657 0.0664751 0.0684289
0.01 0.1 0.1 0.0117534 0.0959586 0.0955304 0.0339463 0.0663681 0.0659399
0.01 0.1 0.1 0.0111156 0.0977974 0.0965841 0.0357673 0.0649285 0.0637152
0.01 0.1 0.1 0.0109161 0.0993768 0.0973873 0.0358954 0.066071 0.0640816
0.01 0.1 0.1 0.00975144 0.10132 0.100347 0.034952 0.0677191 0.0667467
0.01 0.1 0.1 0.00966669 0.10246 0.101229 0.0342847 0.0696362 0.0684051
0.01 0.1 0.1 0.0103099 0.1067 0.106004 0.0354914 0.0731249 0.0724291
0.01 0.1 0.1 0.0102062 0.10373 0.1044 0.0345646 0.0712527 0.0719218
0.01 0.1 0.1 0.00856337 0.0997308 0.0975808 0.0325 0.0678153 0.0656652
0.05 0.01 0.01 0.0466534 0.00929367 0.00881192 0.0401925 0.0179082 0.0174265
0.05 0.01 0.01 0.0466534 0.00929367 0.00881192 0.0401925 0.0179082 0.0174265
0.05 0.01 0.01 0.0508597 0.011566 0.0109593 0.0431299 0.0218724 0.0212658
0.05 0.01 0.01 0.0495802 0.00986489 0.00966862 0.0420974 0.0198418 0.0196456
0.05 0.01 0.01 0.0489273 0.0100071 0.0094897 0.0416308 0.0197358 0.0192184
0.05 0.01 0.01 0.0469228 0.0094157 0.00926404 0.0396364 0.0191308 0.0189792
0.05 0.01 0.01 0.0543085 0.0105698 0.0106501 0.0461815 0.0214058 0.0214861
0.05 0.01 0.01 0.0497994 0.00920838 0.00972582 0.0426342 0.0187621 0.0192795
0.05 0.01 0.01 0.0493592 0.00986036 0.00960164 0.0423227 0.0192424 0.0189837
0.05 0.01 0.01 0.0508537 0.0101825 0.0101557 0.0431182 0.0204965 0.0204697
0.05 0.01 0.01 0.0491293 0.010505 0.0105853 0.0415794 0.0205716 0.0206519
0.05 0.01 0.01 0.0497874 0.00947155 0.00944479 0.0420457 0.0197938 0.0197671
0.05 0.01 0.01 0.0479885 0.00951621 0.00901662 0.0409229 0.0189371 0.0184375
0.05 0.01 0.01 0.0463387 0.0091021 0.00884338 0.0397958 0.017826 0.0175673
0.05 0.01 0.01 0.0520489 0.00959031 0.00996501 0.0442392 0.0200032 0.0203779
0.05 0.01 0.01 0.0472545 0.00880439 0.00871518 0.0404977 0.0178134 0.0177242
0.05 0.01 0.01 0.051208 0.0104513 0.00989821 0.0434082 0.020851 0.0202979
0.05 0.01 0.01 0.0519859 0.0108707 0.011174 0.0451191 0.0200264 0.0203297
0.05 0.01 0.01 0.0497056 0.00991864 0.00969561 0.0429613 0.0189111 0.0186881
0.05 0.01 0.01 0.0473425 0.00937629 0.0095458 0.0403226 0.0187361 0.0189057
0.05 0.01 0.01 0.0472198 0.00930578 0.00952881 0.0407626 0.0179153 0.0181383
0.05 0.01 0.01 0.0519902 0.0109169 0.0112203 0.0443373 0.0211208 0.0214242
0.05 0.01 0.01 0.0518779 0.0103124 0.0107763 0.0444169 0.0202604 0.0207243
0.05 0.01 0.01 0.0514358 0.0116952 0.011597 0.0435156 0.0222555 0.0221573
0.05 0.01 0.01 0.0490283 0.00988543 0.00930554 0.0420632 0.0191723 0.0185924
0.05 0.01 0.01 0.0527877 0.0112061 0.0107244 0.0447217 0.0219607 0.021479
0.05 0.01 0.01 0.0456106 0.00935768 0.00867966 0.0389009 0.0183039 0.0176259
0.05 0.01 0.01 0.0480846 0.00997336 0.00962543 0.0409336 0.019508 0.0191601
0.05 0.01 0.01 0.0487626 0.00897827 0.00910317 0.0415988 0.0185301 0.018655
0.05 0.01 0.01 0.0517926 0.0103612 0.0105307 0.0441085 0.0206066 0.0207761
0.05 0.01 0.05 0.0512753 0.0107387 0.0490201 0.0443641 0.0199537 0.0582351
0.05 0.01 0.05 0.0512753 0.0107387 0.0490201 0.0443641 0.0199537 0.0582351
0.05 0.01 0.05 0.0527625 0.0112007 0.050624 0.0462332 0.0199064 0.0593297
0.05 0.01 0.05 0.052723 0.0106941 0.0502691 0.045918 0.0197674 0.0593424
0.05 0.01 0.05 0.0494849 0.00944572 0.048985 0.0435518 0.0173565 0.0568958
0.05 0.01 0.05 0.0496675 0.00985252 0.0481607 0.0428361 0.018961 0.0572692
0.05 0.01 0.05 0.0491869 0.0103503 0.0500234 0.0430115 0.018584 0.0582572
0.05 0.01 0.05 0.0511323 0.00996707 0.0496223 0.0440319 0.0194343 0.0590896
0.05 0.01 0.05 0.0470199 0.00944221 0.0478664 0.0411501 0.0172686 0.0556927
0.05 0.01 0.05 0.0477361 0.00944965 0.0489265 0.0411592 0.0182189 0.0576957
0.05 0.01 0.05 0.0478331 0.0101006 0.0511119 0.0413342 0.0187657 0.0597771
0.05 0.01 0.05 0.0535681 0.00971036 0.0495619 0.0474908 0.0178135 0.057665
0.05 0.01 0.05 0.0520319 0.00989895 0.0492955 0.0458099 0.018195 0.0575916
0.05 0.01 0.05 0.0487644 0.00978218 0.0491787 0.041672 0.0192387 0.0586353
0.05 0.01 0.05 0.0535893 0.0110606 0.0510371 0.0469959 0.0198518 0.0598282
0.05 0.01 0.05 0.0506137 0.00944918 0.0485246 0.0441405 0.0180801 0.0571555
0.05 0.01 0.05 0.0485341 0.0105314 0.0502313 0.0418872 0.0193939 0.0590938
0.05 0.01 0.05 0.049321 0.0111468 0.0511679 0.042379 0.0204027 0.0604238
0.05 0.01 0.05 0.0466134 0.0106085 0.0511024 0.0395642 0.0200074 0.0605013
0.05 0.01 0.05 0.0502783 0.00936321 0.0494289 0.0438679 0.0179104 0.0579761
0.05 0.01 0.05 0.048914 0.00975169 0.0481223 0.0419703 0.01901 0.0573806
0.05 0.01 0.05 0.0509522 0.00998616 0.0502392 0.0446534 0.0183845 0.0586375
0.05 0.01 0.05 0.047345 0.0106994 0.0504974 0.0408351 0.0193792 0.0591773
0.05 0.01 0.05 0.0549593 0.0120298 0.0513907 0.047759 0.0216303 0.0609912
0.05 0.01 0.05 0.0476919 0.00957361 0.048881 0.0415722 0.0177332 0.0570405
0.05 0.01 0.05 0.0504963 0.0108151 0.0499351 0.0448271 0.018374 0.057494
0.05 0.01 0.05 0.0516208 0.0109544 0.0503063 0.0452884 0.0193975 0.0587495
0.05 0.01 0.05 0.0461956 0.0101511 0.0487715 0.0400131 0.0183945 0.0570149
0.05 0.01 0.05 0.0496435 0.00932524 0.0486415 0.0442027 0.0165796 0.0558959
0.05 0.01 0.05 0.0527218 0.0109818 0.0495754 0.0454005 0.0207436 0.0593372
0.05 0.01 0.1 0.0522641 0.0102916 0.0996654 0.0467051 0.0177036 0.107077
0.05 0.01 0.1 0.0522641 0.0102916 0.0996654 0.0467051 0.0177036 0.107077
0.05 0.01 0.1 0.050549 0.0101076 0.0998918 0.0440662 0.0187514 0.108536
0.05 0.01 0.1 0.0510883 0.00941449 0.0992165 0.0449252 0.017632 0.107434
0.05 0.01 0.1 0.0517893 0.0111068 0.101069 0.0444913 0.0208374 0.1108
0.05 0.01 0.1 0.0532391 0.0112544 0.100361 0.0476023 0.0187701 0.107876
0.05 0.01 0.1 0.0496622 0.00972942 0.10269 0.0435698 0.0178527 0.110813
0.05 0.01 0.1 0.0514029 0.00920314 0.0990052 0.0457583 0.0167292 0.106531
0.05 0.01 0.1 0.0490809 0.00999738 0.0977207 0.0440979 0.0166413 0.104365
0.05 0.01 0.1 0.049257 0.011167 0.0993543 0.043835 0.0183964 0.106584
0.05 0.01 0.1 0.0503871 0.00919209 0.10027 0.0457615 0.0153596 0.106437
0.05 0.01 0.1 0.0498038 0.00837022 0.0991001 0.0443985 0.0155774 0.106307
0.05 0.01 0.1 0.0476947 0.00953085 0.0986281 0.0410587 0.0183788 0.107476
0.05 0.01 0.1 0.0500084 0.00947593 0.0993315 0.0428135 0.0190691 0.108925
0.05 0.01 0.1 0.0487771 0.0105325 0.101057 0.0431656 0.0180145 0.108539
0.05 0.01 0.1 0.050776 0.00971386 0.0990431 0.045671 0.0165206 0.10585
0.05 0.01 0.1 0.0523317 0.011892 0.101248 0.0458697 0.0205081 0.109864
0.05 0.01 0.1 0.0470106 0.00996186 0.100692 0.0416311 0.0171344 0.107864
0.05 0.01 0.1 0.0471989 0.0119476 0.10282 0.0410599 0.0201328 0.111005
0.05 0.01 0.1 0.0504847 0.00813862 0.0990112 0.0441515 0.0165829 0.107455
0.05 0.01 0.1 0.0501294 0.00991288 0.0986087 0.0438547 0.018279 0.106975
0.05 0.01 0.1 0.0515154 0.00871501 0.0996768 0.0458974 0.0162057 0.107167
0.05 0.01 0.1 0.0454977 0.0116149 0.101845 0.04059 0.0181586 0.108389
0.05 0.01 0.1 0.0516312 0.0104072 0.100102 0.0462187 0.0176239 0.107319
0.05 0.01 0.1 0.0517235 0.0107784 0.0992423 0.0457491 0.0187443 0.107208
0.05 0.01 0.1 0.0513079 0.0104351 0.100317 0.045365 0.0183591 0.108241
0.05 0.01 0.1 0.04895 0.0107311 0.100301 0.0428821 0.0188216 0.108392
0.05 0.01 0.1 0.0540477 0.0114637 0.09999 0.0478503 0.0197269 0.108253
0.05 0.01 0.1 0.0510517 0.0104387 0.101374 0.0450852 0.0183941 0.109329
0.05 0.01 0.1 0.0451619 0.00866846 0.0975694 0.0405742 0.0147854 0.103686
0.05 0.05 0.01 0.0487232 0.0476149 0.00683555 0.0398751 0.0594123 0.018633
0.05 0.05 0.01 0.0487232 0.0476149 0.00683555 0.0398751 0.0594123 0.018633
0.05 0.05 0.01 0.048073 0.0533714 0.0131274 0.038792 0.0657462 0.0255021
0.05 0.05 0.01 0.0516086 0.0490865 0.00899408 0.0406075 0.0637546 0.0236622
0.05 0.05 0.01 0.0489894 0.0498738 0.00928177 0.039311 0.0627784 0.0221864
0.05 0.05 0.01 0.0504107 0.0482909 0.00762753 0.0406091 0.0613597 0.0206963
0.05 0.05 0.01 0.0547788 0.0507635 0.00972543 0.0433022 0.0660658 0.0250277
0.05 0.05 0.01 0.0492374 0.0511168 0.0106764 0.0399135 0.0635486 0.0231082
0.05 0.05 0.01 0.050768 0.0519239 0.012117 0.0413004 0.0645474 0.0247404
0.05 0.05 0.01 0.0504871 0.0488913 0.00913784 0.0406877 0.0619572 0.0222037
0.05 0.05 0.01 0.0503688 0.0478136 0.00767658 0.0404744 0.0610062 0.0208691
0.05 0.05 0.01 0.0487322 0.0475379 0.0072492 0.0385329 0.061137 0.0208483
0.05 0.05 0.01 0.049642 0.0513966 0.010412 0.0398738 0.0644208 0.0234362
0.05 0.05 0.01 0.0492471 0.0470074 0.00664736 0.0399727 0.0593732 0.0190132
0.05 0.05 0.01 0.0532806 0.049445 0.00952208 0.0425434 0.0637613 0.0238383
0.05 0.05 0.01 0.0486319 0.0482049 0.00749686 0.0384333 0.0618029 0.0210949
0.05 0.05 0.01 0.0507338 0.0499668 0.00917849 0.0401785 0.0640406 0.0232523
0.05 0.05 0.01 0.0517606 0.0527201 0.0129043 0.0413695 0.0665749 0.026759
0.05 0.05 0.01 0.0512662 0.0479045 0.00761579 0.0419505 0.0603253 0.0200367
0.05 0.05 0.01 0.0482469 0.0465203 0.00616027 0.0390329 0.0588057 0.0184456
0.05 0.05 0.01 0.0481482 0.0488367 0.00890486 0.0389099 0.0611544 0.0212226
0.05 0.05 0.01 0.0505527 0.052484 0.0125075 0.0399551 0.0666141 0.0266377
0.05 0.05 0.01 0.0512085 0.0503352 0.0106978 0.0417174 0.06299 0.0233525
0.05 0.05 0.01 0.0507622 0.0527119 0.012441 0.0399649 0.0671083 0.0268374
0.05 0.05 0.01 0.0480133 0.0495497 0.00976956 0.0389316 0.0616587 0.0218785
0.05 0.05 0.01 0.052066 0.0515717 0.0108191 0.0411435 0.066135 0.0253824
0.05 0.05 0.01 0.0483398 0.0480611 0.00737991 0.0387283 0.0608764 0.0201952
0.05 0.05 0.01 0.0471689 0.0508447 0.0104311 0.037571 0.0636419 0.0232283
0.05 0.05 0.01 0.0500631 0.0487413 0.00849722 0.0401614 0.0619436 0.0216995
0.05 0.05 0.01 0.0501331 0.0523413 0.0117047 0.0404438 0.0652604 0.0246238
0.05 0.05 0.05 0.0524121 0.050421 0.0486635 0.0479663 0.0563487 0.0545912
0.05 0.05 0.05 0.0524121 0.050421 0.0486635 0.0479663 0.0563487 0.0545912
0.05 0.05 0.05 0.0489271 0.0519076 0.0516578 0.045357 0.0566678 0.056418
0.05 0.05 0.05 0.0518057 0.0524 0.0518736 0.0469517 0.0588719 0.0583455
0.05 0.05 0.05 0.0499009 0.0502321 0.049902 0.0453203 0.0563395 0.0560095
0.05 0.05 0.05 0.0508534 0.0492872 0.0471104 0.0438076 0.0586816 0.0565048
0.05 0.05 0.05 0.0493385 0.0488362 0.0483902 0.0451629 0.0544036 0.0539575
0.05 0.05 0.05 0.051283 0.0511722 0.0496824 0.0457754 0.0585156 0.0570257
0.05 0.05 0.05 0.0480911 0.0468582 0.0455914 0.0418491 0.0551808 0.053914
0.05 0.05 0.05 0.0494358 0.0496038 0.0490239 0.0426389 0.0586664 0.0580865
0.05 0.05 0.05 0.0483256 0.0488342 0.0492446 0.0428637 0.0561168 0.0565271
0.05 0.05 0.05 0.05073 0.0523257 0.0525844 0.044086 0.0611843 0.061443
0.05 0.05 0.05 0.0530932 0.0515156 0.04999 0.0479216 0.058411 0.0568855
0.05 0.05 0.05 0.0492945 0.0483227 0.0471629 0.0432116 0.0564332 0.0552734
0.05 0.05 0.05 0.0521884 0.0503811 0.0504971 0.0454365 0.0593837 0.0594997
0.05 0.05 0.05 0.0517216 0.0496901 0.0477274 0.0467803 0.0562785 0.0543158
0.05 0.05 0.05 0.048276 0.0512282 0.0503806 0.043951 0.0569948 0.0561473
0.05 0.05 0.05 0.0501411 0.0521226 0.0513108 0.0460617 0.0575617 0.0567499
0.05 0.05 0.05 0.0463049 0.049916 0.0510044 0.0415254 0.0562887 0.0573771
0.05 0.05 0.05 0.0519521 0.0474451 0.0474719 0.0465351 0.0546677 0.0546945
0.05 0.05 0.05 0.0495136 0.0488889 0.0468548 0.0426429 0.0580498 0.0560157
0.05 0.05 0.05 0.0489799 0.051278 0.0507516 0.0457361 0.055603 0.0550767
0.05 0.05 0.05 0.0478561 0.0530495 0.0527462 0.0435916 0.0587355 0.0584322
0.05 0.05 0.05 0.0518584 0.0535261 0.0530711 0.0461088 0.0611922 0.0607372
0.05 0.05 0.05 0.0464657 0.0506899 0.0504936 0.042233 0.0563335 0.0561372
0.05 0.05 0.05 0.0490598 0.0530051 0.0519524 0.0458914 0.0572296 0.0561768
0.05 0.05 0.05 0.0517493 0.0526962 0.0512866 0.0462049 0.0600887 0.0586792
0.05 0.05 0.05 0.0471374 0.0503275 0.0486056 0.0424626 0.0565606 0.0548388
0.05 0.05 0.05 0.0500979 0.0483308 0.0475903 0.0450719 0.0550321 0.0542917
0.05 0.05 0.05 0.0528214 0.0512537 0.048836 0.0469536 0.0590774 0.0566597
0.05 0.05 0.1 0.0551434 0.0484698 0.0978672 0.053302 0.050925 0.100322
0.05 0.05 0.1 0.0551434 0.0484698 0.0978672 0.053302 0.050925 0.100322
0.05 0.05 0.1 0.0466291 0.0541913 0.103687 0.0483299 0.0519235 0.101419
0.05 0.05 0.1 0.052176 0.0474067 0.097036 0.0507676 0.0492845 0.0989138
0.05 0.05 0.1 0.0514809 0.0517796 0.102096 0.0531597 0.0495412 0.0998574
0.05 0.05 0.1 0.0549669 0.0497456 0.0981081 0.0558044 0.0486288 0.0969913
0.05 0.05 0.1 0.0486919 0.0515839 0.103854 0.0501242 0.0496742 0.101944
0.05 0.05 0.1 0.0505416 0.0527069 0.101337 0.0514661 0.0514742 0.100104
0.05 0.05 0.1 0.0487149 0.0480421 0.0959764 0.0492757 0.0472944 0.0952287
0.05 0.05 0.1 0.0450919 0.0550705 0.102835 0.0458981 0.0539956 0.10176
0.05 0.05 0.1 0.0514821 0.0480067 0.0979126 0.0516934 0.047725 0.0976308
0.05 0.05 0.1 0.0496668 0.0453944 0.0968437 0.0481394 0.047431 0.0988803
0.05 0.05 0.1 0.0486556 0.050748 0.0989499 0.048052 0.0515529 0.0997548
0.05 0.05 0.1 0.0496094 0.0521943 0.101547 0.0495312 0.0522985 0.101651
0.05 0.05 0.1 0.050578 0.0499015 0.100209 0.0487824 0.0522955 0.102603
0.05 0.05 0.1 0.0515688 0.0494907 0.0982814 0.0503708 0.051088 0.0998787
0.05 0.05 0.1 0.0504215 0.0568464 0.105066 0.0510509 0.0560072 0.104227
0.05 0.05 0.1 0.0455065 0.0492249 0.0988899 0.046027 0.0485309 0.0981959
0.05 0.05 0.1 0.0455326 0.0534165 0.104125 0.0468895 0.0516074 0.102316
0.05 0.05 0.1 0.0539914 0.0465337 0.0967251 0.0526744 0.0482897 0.0984811
0.05 0.05 0.1 0.0511825 0.0517353 0.100178 0.0505833 0.0525343 0.100977
0.05 0.05 0.1 0.0533475 0.0463259 0.0967135 0.0498553 0.0509821 0.10137
0.05 0.05 0.1 0.0462712 0.0515345 0.101271 0.0470647 0.0504765 0.100213
0.05 0.05 0.1 0.0512869 0.0497105 0.0992506 0.0517748 0.04906 0.0986001
0.05 0.05 0.1 0.0487722 0.0536096 0.102347 0.049989 0.0519872 0.100724
0.05 0.05 0.1 0.0502372 0.0516694 0.1017 0.050829 0.0508802 0.100911
0.05 0.05 0.1 0.049915 0.0516697 0.100728 0.0509928 0.0502327 0.099291
0.05 0.05 0.1 0.0555034 0.0524764 0.10149 0.0548203 0.0533871 0.102401
0.05 0.05 0.1 0.050492 0.0539175 0.104974 0.0515213 0.0525451 0.103602
0.05 0.05 0.1 0.0466614 0.0487254 0.0962136 0.0472394 0.0479547 0.0954429
0.05 0.1 0.01 0.0508992 0.0956909 0.00541604 0.0468304 0.101116 0.010841
0.05 0.1 0.01 0.0508992 0.0956909 0.00541604 0.0468304 0.101116 0.010841
0.05 0.1 0.01 0.0489785 0.102257 0.0125889 0.0461147 0.106076 0.0164073
0.05 0.1 0.01 0.0523042 0.0994874 0.00889136 0.0483009 0.104825 0.0142291
0.05 0.1 0.01 0.0499049 0.0984731 0.00755591 0.0457798 0.103973 0.013056
0.05 0.1 0.01 0.0542475 0.0921758 0.00180278 0.0488842 0.0993268 0.00895379
0.05 0.1 0.01 0.0576492 0.098902 0.00726219 0.0509278 0.107864 0.016224
0.05 0.1 0.01 0.047579 0.102849 0.0129485 0.0443017 0.107219 0.0173183
0.05 0.1 0.01 0.0521192 0.101295 0.0109484 0.0482959 0.106392 0.0160461
0.05 0.1 0.01 0.0543884 0.0975928 0.00763913 0.0485299 0.105404 0.0154504
0.05 0.1 0.01 0.049845 0.0976557 0.00897774 0.046024 0.10275 0.0140723
0.05 0.1 0.01 0.050513 0.0991838 0.00845397 0.0469985 0.10387 0.01314
0.05 0.1 0.01 0.0492575 0.103511 0.0123526 0.0469963 0.106526 0.0153676
0.05 0.1 0.01 0.0477421 0.100095 0.00941907 0.0452952 0.103358 0.0126816
0.05 0.1 0.01 0.0538087 0.0984177 0.00785737 0.0491911 0.104575 0.0140142
0.05 0.1 0.01 0.0496525 0.0964948 0.00523857 0.0455898 0.101912 0.0106556
0.05 0.1 0.01 0.0532746 0.0990779 0.00891012 0.0483245 0.105678 0.0155102
0.05 0.1 0.01 0.0502144 0.104537 0.0148505 0.0486589 0.106611 0.0169246
0.05 0.1 0.01 0.0510459 0.0953392 0.00531415 0.0475574 0.0999905 0.00996544
0.05 0.1 0.01 0.0494144 0.0943415 0.00438775 0.0469305 0.0976533 0.00769959
0.05 0.1 0.01 0.0499683 0.100248 0.00939341 0.0463759 0.105038 0.0141833
0.05 0.1 0.01 0.0505135 0.099092 0.00908482 0.0471069 0.103634 0.013627
0.05 0.1 0.01 0.0536768 0.102703 0.012321 0.0512372 0.105956 0.0155739
0.05 0.1 0.01 0.0530037 0.102521 0.0120768 0.0482139 0.108907 0.0184631
0.05 0.1 0.01 0.0465148 0.102304 0.0124484 0.0448207 0.104563 0.0147072
0.05 0.1 0.01 0.053822 0.101846 0.0104383 0.0489853 0.108295 0.0168872
0.05 0.1 0.01 0.0491696 0.0960983 0.00505619 0.0469374 0.0990747 0.00803256
0.05 0.1 0.01 0.0489167 0.0995566 0.00783648 0.045552 0.104043 0.0123227
0.05 0.1 0.01 0.0524799 0.0947536 0.0053887 0.047407 0.101518 0.0121526
0.05 0.1 0.01 0.0472702 0.103234 0.0131737 0.0451618 0.106046 0.0159849
0.05 0.1 0.05 0.0545556 0.0983452 0.04678 0.0572989 0.0946875 0.0431222
0.05 0.1 0.05 0.0545556 0.0983452 0.04678 0.0572989 0.0946875 0.0431222
0.05 0.1 0.05 0.0518556 0.0995914 0.0490521 0.0571283 0.0925611 0.0420218
0.05 0.1 0.05 0.0518347 0.102922 0.0515444 0.0564863 0.0967202 0.0453423
0.05 0.1 0.05 0.0484036 0.100787 0.0500156 0.054003 0.093321 0.0425498
0.05 0.1 0.05 0.0507141 0.0984345 0.0474135 0.0521647 0.0965003 0.0454793
0.05 0.1 0.05 0.0524486 0.0980725 0.0480328 0.0561573 0.0931275 0.0430878
0.05 0.1 0.05 0.0500884 0.101987 0.0501895 0.0552313 0.0951295 0.0433323
0.05 0.1 0.05 0.0484362 0.0977004 0.0468756 0.0538702 0.0904551 0.0396304
0.05 0.1 0.05 0.0502903 0.100612 0.049377 0.0524339 0.097754 0.0465188
0.05 0.1 0.05 0.0472032 0.0996825 0.0509453 0.0512359 0.0943056 0.0455685
0.05 0.1 0.05 0.0526275 0.0972878 0.0476228 0.0544326 0.0948809 0.0452159
0.05 0.1 0.05 0.0504027 0.103297 0.0524724 0.0545187 0.0978092 0.0469844
0.05 0.1 0.05 0.0495913 0.098189 0.0466148 0.0533337 0.0931991 0.0416249
0.05 0.1 0.05 0.0522911 0.102951 0.051475 0.055967 0.0980498 0.0465738
0.05 0.1 0.05 0.0554142 0.0984748 0.0460709 0.0586498 0.0941606 0.0417568
0.05 0.1 0.05 0.0490921 0.0996999 0.0487056 0.0527759 0.0947882 0.0437939
0.05 0.1 0.05 0.0530752 0.10175 0.0506304 0.0600557 0.0924422 0.041323
0.05 0.1 0.05 0.0446519 0.100522 0.0521688 0.050996 0.0920636 0.04371
0.05 0.1 0.05 0.0516525 0.0980416 0.048216 0.0554804 0.0929378 0.0431122
0.05 0.1 0.05 0.0489948 0.100376 0.0488641 0.0541509 0.093501 0.0419892
0.05 0.1 0.05 0.0521708 0.0963492 0.0463006 0.0569477 0.08998 0.0399314
0.05 0.1 0.05 0.0482443 0.103314 0.0526678 0.0525859 0.0975254 0.046879
0.05 0.1 0.05 0.0536161 0.100378 0.0505971 0.0557181 0.0975755 0.0477945
0.05 0.1 0.05 0.0456075 0.101615 0.0506743 0.0530807 0.0916508 0.04071
0.05 0.1 0.05 0.049172 0.10183 0.0497652 0.0553217 0.0936305 0.0415656
0.05 0.1 0.05 0.049891 0.101118 0.0494729 0.0544306 0.0950657 0.0434202
0.05 0.1 0.05 0.0501603 0.0956096 0.0432504 0.0529386 0.0919052 0.039546
0.05 0.1 0.05 0.0507104 0.0989336 0.0482159 0.0557156 0.09226 0.0415423
0.05 0.1 0.05 0.0540914 0.09847 0.0468869 0.05729 0.0942052 0.0426221
0.05 0.1 0.1 0.0612646 0.092794 0.0921249 0.0664656 0.0858593 0.0851902
0.05 0.1 0.1 0.0612646 0.092794 0.0921249 0.0664656 0.0858593 0.0851902
0.05 0.1 0.1 0.0481842 0.105306 0.103861 0.0627634 0.0858669 0.0844216
0.05 0.1 0.1 0.0590111 0.0905839 0.0892992 0.0655998 0.081799 0.0805143
0.05 0.1 0.1 0.0457928 0.10999 0.10982 0.0651192 0.0842214 0.0840518
0.05 0.1 0.1 0.05467 0.102484 0.100646 0.0669247 0.0861445 0.0843067
0.05 0.1 0.1 0.0482991 0.100731 0.102962 0.0626731 0.0815659 0.0837962
0.05 0.1 0.1 0.0458144 0.107152 0.104841 0.0629081 0.0843605 0.0820499
0.05 0.1 0.1 0.0584493 0.0867165 0.0845843 0.0652111 0.0777007 0.0755685
0.05 0.1 0.1 0.044968 0.10776 0.105236 0.0605062 0.087043 0.0845183
0.05 0.1 0.1 0.0511117 0.0986716 0.0986716 0.0652624 0.079804 0.079804
0.05 0.1 0.1 0.0580543 0.0875422 0.0886484 0.0674545 0.0750086 0.0761148
0.05 0.1 0.1 0.0424526 0.11036 0.109138 0.0590914 0.088175 0.0869528
0.05 0.1 0.1 0.0506245 0.101701 0.100372 0.0641635 0.083649 0.0823197
0.05 0.1 0.1 0.0541623 0.0962688 0.0957692 0.0642528 0.0828147 0.0823151
0.05 0.1 0.1 0.0572432 0.0919007 0.0904733 0.0639975 0.0828951 0.0814677
0.05 0.1 0.1 0.0526897 0.107231 0.104055 0.0658937 0.0896259 0.0864499
0.05 0.1 0.1 0.0537293 0.0938031 0.0931429 0.0631911 0.0811873 0.0805272
0.05 0.1 0.1 0.0472414 0.103949 0.104529 0.0630411 0.0828828 0.0834627
0.05 0.1 0.1 0.0460796 0.106447 0.106251 0.0627831 0.0841761 0.0839798
0.05 0.1 0.1 0.0489971 0.106641 0.104928 0.0645423 0.0859139 0.084201
0.05 0.1 0.1 0.0570848 0.0926841 0.0939688 0.0678979 0.0782667 0.0795514
0.05 0.1 0.1 0.0447383 0.105362 0.103444 0.0574487 0.0884146 0.0864965
0.05 0.1 0.1 0.0533967 0.0961321 0.0958377 0.0663371 0.0788783 0.0785838
0.05 0.1 0.1 0.0514463 0.0981995 0.0951127 0.0643543 0.0809888 0.077902
0.05 0.1 0.1 0.0484146 0.102671 0.102127 0.0609907 0.0859027 0.0853585
0.05 0.1 0.1 0.0503763 0.09895 0.0970051 0.0618397 0.0836654 0.0817206
0.05 0.1 0.1 0.0548003 0.103481 0.101661 0.0675789 0.0864427 0.0846227
0.05 0.1 0.1 0.048947 0.10715 0.107881 0.0636474 0.0875492 0.0882808
0.05 0.1 0.1 0.0488662 0.0942922 0.0918031 0.0618333 0.0770026 0.0745136
0.1 0.01 0.01 0.0990425 0.00944427 0.00945319 0.0892794 0.0224618 0.0224707
0.1 0.01 0.01 0.0990425 0.00944427 0.00945319 0.0892794 0.0224618 0.0224707
0.1 0.01 0.01 0.100783 0.00945129 0.00977245 0.0903113 0.0234137 0.0237349
0.1 0.01 0.01 0.102095 0.0108755 0.0100191 0.090536 0.0262872 0.0254307
0.1 0.01 0.01 0.101425 0.0103126 0.00984873 0.0899866 0.0255632 0.0250993
0.1 0.01 0.01 0.0994628 0.0103404 0.0100281 0.0890177 0.0242672 0.0239549
0.1 0.01 0.01 0.107156 0.0100698 0.00982887 0.0963699 0.0244516 0.0242108
0.1 0.01 0.01 0.101497 0.01019 0.0106361 0.0903249 0.0250862 0.0255322
0.1 0.01 0.01 0.104393 0.011049 0.0108795 0.0924151 0.0270198 0.0268503
0.1 0.01 0.01 0.101353 0.0106028 0.01013 0.0908637 0.0245888 0.0241159
0.1 0.01 0.01 0.0994132 0.00848193 0.00931162 0.0890914 0.0222442 0.0230739
0.1 0.01 0.01 0.095297 0.00971775 0.00973559 0.085393 0.022923 0.0229408
0.1 0.01 0.01 0.100569 0.0106596 0.0107934 0.0905903 0.023965 0.0240988
0.1 0.01 0.01 0.0973682 0.00983002 0.00974973 0.0874502 0.0230541 0.0229738
0.1 0.01 0.01 0.104117 0.0100385 0.0100296 0.0931236 0.0246967 0.0246877
0.1 0.01 0.01 0.0967247 0.00898446 0.0086633 0.0859982 0.0232865 0.0229654
0.1 0.01 0.01 0.103262 0.0086693 0.00847303 0.0925775 0.0229149 0.0227186
0.1 0.01 0.01 0.104678 0.010357 0.0110796 0.0933908 0.0254067 0.0261294
0.1 0.01 0.01 0.10181 0.0109822 0.0105094 0.090623 0.025898 0.0254252
0.1 0.01 0.01 0.0949288 0.00889515 0.00926092 0.0848846 0.0222875 0.0226533
0.1 0.01 0.01 0.0988971 0.00952115 0.00952115 0.0874373 0.0248009 0.0248009
0.1 0.01 0.01 0.101028 0.00954057 0.00964763 0.0904041 0.0237061 0.0238131
0.1 0.01 0.01 0.101345 0.0101718 0.00993091 0.0898333 0.0255205 0.0252796
0.1 0.01 0.01 0.105503 0.0111554 0.0113249 0.0936823 0.0269167 0.0270862
0.1 0.01 0.01 0.0941455 0.00922428 0.0090637 0.0840913 0.02263 0.0224694
0.1 0.01 0.01 0.100285 0.0102588 0.00964319 0.0892038 0.0250334 0.0244178
0.1 0.01 0.01 0.0975599 0.00913232 0.00817774 0.0871747 0.0229792 0.0220247
0.1 0.01 0.01 0.0967504 0.00973048 0.009445 0.0863825 0.0235543 0.0232688
0.1 0.01 0.01 0.101895 0.00898362 0.00925126 0.0912602 0.0231629 0.0234305
0.1 0.01 0.01 0.102282 0.01086 0.0111633 0.0904266 0.0266672 0.0269705
0.1 0.01 0.05 0.104042 0.00915076 0.0476106 0.0933948 0.0233467 0.0618065
0.1 0.01 0.05 0.104042 0.00915076 0.0476106 0.0933948 0.0233467 0.0618065
0.1 0.01 0.05 0.0997742 0.00934005 0.0492362 0.0894498 0.0231059 0.0630021
0.1 0.01 0.05 0.102101 0.0102304 0.0494397 0.0906627 0.025481 0.0646902
0.1 0.01 0.05 0.100349 0.0098735 0.049056 0.0898722 0.0238432 0.0630256
0.1 0.01 0.05 0.104267 0.0103715 0.048983 0.0923889 0.0262095 0.064821
0.1 0.01 0.05 0.0987418 0.00991028 0.0495388 0.0882792 0.0238603 0.0634888
0.1 0.01 0.05 0.105117 0.0113195 0.0511086 0.093321 0.0270474 0.0668365
0.1 0.01 0.05 0.0971105 0.0102257 0.0490067 0.0883966 0.0218442 0.0606252
0.1 0.01 0.05 0.0997381 0.0126393 0.0515184 0.0885736 0.0275252 0.0664043
0.1 0.01 0.05 0.100505 0.00849587 0.0498016 0.0880245 0.0251363 0.0664421
0.1 0.01 0.05 0.0995598 0.00923578 0.0491855 0.0882069 0.024373 0.0643226
0.1 0.01 0.05 0.102969 0.0118944 0.0516835 0.0912068 0.0275775 0.0673666
0.1 0.01 0.05 0.0977748 0.0102113 0.0498398 0.0855772 0.0264747 0.0661032
0.1 0.01 0.05 0.103251 0.00965878 0.0491356 0.0924957 0.0239994 0.0634762
0.1 0.01 0.05 0.101367 0.00984283 0.0483651 0.0900213 0.0249708 0.063493
0.1 0.01 0.05 0.0996491 0.00841443 0.0486674 0.0896444 0.021754 0.062007
0.1 0.01 0.05 0.102445 0.00780794 0.0483464 0.0902839 0.0240225 0.0645609
0.1 0.01 0.05 0.0953421 0.0104249 0.0511507 0.0836566 0.0260055 0.0667314
0.1 0.01 0.05 0.0988819 0.00885221 0.049132 0.089348 0.0215641 0.0618439
0.1 0.01 0.05 0.102389 0.00819486 0.0473059 0.0907137 0.0237615 0.0628726
0.1 0.01 0.05 0.0994316 0.00987484 0.0502884 0.0889789 0.0238118 0.0642254
0.1 0.01 0.05 0.0991787 0.00897655 0.0488281 0.0898083 0.0214704 0.061322
0.1 0.01 0.05 0.101688 0.00875189 0.0487105 0.0912464 0.0226741 0.0626327
0.1 0.01 0.05 0.0978105 0.0106189 0.0500957 0.0868098 0.0252864 0.0647632
0.1 0.01 0.05 0.100072 0.0098142 0.0489164 0.0881124 0.0257603 0.0648625
0.1 0.01 0.05 0.103878 0.0118919 0.0507264 0.0918033 0.0279916 0.0668261
0.1 0.01 0.05 0.100016 0.00984927 0.0487106 0.0910035 0.0218665 0.0607278
0.1 0.01 0.05 0.098514 0.0107341 0.0495776 0.0877075 0.0251428 0.0639862
0.1 0.01 0.05 0.100674 0.0100906 0.0487913 0.0898744 0.0244903 0.063191
0.1 0.01 0.1 0.106196 0.00813872 0.0978337 0.0931959 0.0254715 0.115166
0.1 0.01 0.1 0.106196 0.00813872 0.0978337 0.0931959 0.0254715 0.115166
0.1 0.01 0.1 0.0970404 0.00935678 0.0995067 0.0867246 0.0231113 0.113261
0.1 0.01 0.1 0.100858 0.00782961 0.0970339 0.0882387 0.0246556 0.11386
0.1 0.01 0.1 0.103274 0.0113449 0.10096 0.0909104 0.0278297 0.117444
0.1 0.01 0.1 0.103727 0.0132117 0.10263 0.0922471 0.0285182 0.117937
0.1 0.01 0.1 0.102012 0.010687 0.103299 0.0913221 0.0249399 0.117552
0.1 0.01 0.1 0.101047 0.0127147 0.102017 0.0887765 0.0290753 0.118378
0.1 0.01 0.1 0.0968869 0.00948347 0.0975102 0.0848825 0.0254893 0.113516
0.1 0.01 0.1 0.10035 0.0107575 0.0990786 0.0913312 0.0227821 0.111103
0.1 0.01 0.1 0.102292 0.0085443 0.0990511 0.0902152 0.0246472 0.115154
0.1 0.01 0.1 0.0959984 0.00904263 0.100343 0.0835779 0.0256033 0.116904
0.1 0.01 0.1 0.0975782 0.0126451 0.102046 0.0827649 0.0323962 0.121797
0.1 0.01 0.1 0.103436 0.0117142 0.102087 0.0936913 0.024707 0.11508
0.1 0.01 0.1 0.0998059 0.0126919 0.102735 0.0901865 0.0255177 0.115561
0.1 0.01 0.1 0.0993241 0.0109675 0.100029 0.0876752 0.0264994 0.115561
0.1 0.01 0.1 0.106484 0.0114863 0.100459 0.0949351 0.0268849 0.115857
0.1 0.01 0.1 0.0941662 0.00897566 0.0996966 0.0836012 0.0230624 0.113783
0.1 0.01 0.1 0.0969676 0.0106633 0.101536 0.0858441 0.0254946 0.116367
0.1 0.01 0.1 0.101333 0.0113712 0.102262 0.0885651 0.0283948 0.119285
0.1 0.01 0.1 0.101529 0.00979637 0.0991791 0.0915398 0.0231151 0.112498
0.1 0.01 0.1 0.101104 0.00894507 0.100246 0.0900653 0.0236637 0.114964
0.1 0.01 0.1 0.101153 0.00906252 0.0989181 0.0888441 0.025474 0.11533
0.1 0.01 0.1 0.100467 0.00891024 0.098748 0.0876981 0.0259357 0.115773
0.1 0.01 0.1 0.100858 0.0102232 0.0983926 0.0905884 0.0239155 0.112085
0.1 0.01 0.1 0.101528 0.0104474 0.100098 0.0886584 0.0276073 0.117258
0.1 0.01 0.1 0.103039 0.00949934 0.0990962 0.0912795 0.0251788 0.114776
0.1 0.01 0.1 0.105381 0.0127227 0.101784 0.0930391 0.0291788 0.11824
0.1 0.01 0.1 0.104346 0.0128161 0.103207 0.0913413 0.0301551 0.120546
0.1 0.01 0.1 0.0979668 0.0111517 0.100097 0.0847217 0.0288118 0.117757
0.1 0.05 0.01 0.100129 0.0483742 0.0085673 0.0821102 0.0723994 0.0325925
0.1 0.05 0.01 0.100129 0.0483742 0.0085673 0.0821102 0.0723994 0.0325925
0.1 0.05 0.01 0.0999966 0.0502805 0.0106252 0.0821575 0.0740659 0.0344106
0.1 0.05 0.01 0.101218 0.0516564 0.0109217 0.0836391 0.0750945 0.0343597
0.1 0.05 0.01 0.0995763 0.0518683 0.0108123 0.0801491 0.0777711 0.0367152
0.1 0.05 0.01 0.101548 0.0464693 0.00665345 0.0835012 0.0705317 0.0307158
0.1 0.05 0.01 0.106289 0.0510453 0.0105693 0.088727 0.0744617 0.0339856
0.1 0.05 0.01 0.0984744 0.0538576 0.0146573 0.081327 0.0767208 0.0375205
0.1 0.05 0.01 0.104713 0.0512874 0.0107132 0.0847298 0.0779317 0.0373575
0.1 0.05 0.01 0.102245 0.0510536 0.0105597 0.0833359 0.076266 0.0357721
0.1 0.05 0.01 0.100291 0.0477289 0.00969728 0.081231 0.0731425 0.0351109
0.1 0.05 0.01 0.100476 0.0463127 0.00562258 0.0823257 0.0705125 0.0298224
0.1 0.05 0.01 0.100317 0.0518436 0.011769 0.0822522 0.0759293 0.0358547
0.1 0.05 0.01 0.0977099 0.0497271 0.00945628 0.0814812 0.0713655 0.0310946
0.1 0.05 0.01 0.103743 0.0495762 0.00918939 0.0864529 0.0726301 0.0322433
0.1 0.05 0.01 0.0988208 0.0467114 0.00595883 0.0809487 0.070541 0.0297884
0.1 0.05 0.01 0.105199 0.0486891 0.00898926 0.0867369 0.0733048 0.033605
0.1 0.05 0.01 0.101451 0.0545449 0.0150413 0.0840432 0.0777548 0.0382511
0.1 0.05 0.01 0.101065 0.0490508 0.00902973 0.0831906 0.0728835 0.0328625
0.1 0.05 0.01 0.0963725 0.0466207 0.0071706 0.0787936 0.0700593 0.0306092
0.1 0.05 0.01 0.0999238 0.0499484 0.00928499 0.0811697 0.0749539 0.0342905
0.1 0.05 0.01 0.0986294 0.0497105 0.00987682 0.0821351 0.071703 0.0318693
0.1 0.05 0.01 0.103452 0.052032 0.0116363 0.0849398 0.0767153 0.0363196
0.1 0.05 0.01 0.106582 0.050863 0.0107081 0.08805 0.0755724 0.0354176
0.1 0.05 0.01 0.0941608 0.0502459 0.00972527 0.0764717 0.0738313 0.0333107
0.1 0.05 0.01 0.103493 0.048804 0.00765886 0.0846843 0.0738829 0.0327377
0.1 0.05 0.01 0.0981504 0.0471111 0.00641206 0.0803801 0.0708049 0.0301058
0.1 0.05 0.01 0.0960604 0.050639 0.00894971 0.0801697 0.0718266 0.0301373
0.1 0.05 0.01 0.102546 0.0466473 0.00733101 0.0854221 0.069479 0.0301627
0.1 0.05 0.01 0.0991226 0.051992 0.0127471 0.0806251 0.0766554 0.0374105
0.1 0.05 0.05 0.102648 0.0504909 0.0488762 0.0866281 0.0718504 0.0702357
0.1 0.05 0.05 0.102648 0.0504909 0.0488762 0.0866281 0.0718504 0.0702357
0.1 0.05 0.05 0.101695 0.0487568 0.0477576 0.090652 0.0634811 0.062482
0.1 0.05 0.05 0.102552 0.050033 0.0488375 0.0881509 0.0692347 0.0680393
0.1 0.05 0.05 0.0982532 0.0513435 0.0501124 0.0847043 0.0694088 0.0681776
0.1 0.05 0.05 0.103504 0.0498172 0.0493444 0.0881994 0.0702235 0.0697507
0.1 0.05 0.05 0.0996827 0.0512192 0.0516028 0.084973 0.0708322 0.0712158
0.1 0.05 0.05 0.10164 0.0543574 0.0540808 0.086685 0.0742973 0.0740208
0.1 0.05 0.05 0.101373 0.0452854 0.0447501 0.0885404 0.0623952 0.06186
0.1 0.05 0.05 0.097498 0.0566159 0.0550636 0.0846526 0.0737432 0.0721908
0.1 0.05 0.05 0.098762 0.0511333 0.0531495 0.0834135 0.071598 0.0736142
0.1 0.05 0.05 0.105831 0.0400309 0.039683 0.0923228 0.0580413 0.0576934
0.1 0.05 0.05 0.0967977 0.0589801 0.0593013 0.0843538 0.075572 0.0758931
0.1 0.05 0.05 0.0971246 0.0512618 0.0505481 0.083518 0.069404 0.0686903
0.1 0.05 0.05 0.103172 0.051274 0.0496058 0.0919379 0.0662532 0.0645849
0.1 0.05 0.05 0.10637 0.04571 0.0441845 0.0923849 0.0643568 0.0628312
0.1 0.05 0.05 0.101035 0.0474914 0.0474111 0.0866459 0.0666769 0.0665966
0.1 0.05 0.05 0.105176 0.0479391 0.0477072 0.0903289 0.0677353 0.0675033
0.1 0.05 0.05 0.0968702 0.0481028 0.0494142 0.0839266 0.065361 0.0666724
0.1 0.05 0.05 0.0974508 0.0504887 0.0505065 0.0856899 0.06617 0.0661878
0.1 0.05 0.05 0.104661 0.0453882 0.0449689 0.0881441 0.0674103 0.066991
0.1 0.05 0.05 0.103961 0.0436166 0.0443392 0.0894968 0.0629017 0.0636243
0.1 0.05 0.05 0.0972685 0.0528125 0.0524735 0.0829049 0.071964 0.0716249
0.1 0.05 0.05 0.106864 0.0421507 0.042454 0.0914976 0.0626398 0.0629431
0.1 0.05 0.05 0.0962452 0.0532797 0.0519682 0.0835621 0.0701905 0.068879
0.1 0.05 0.05 0.101879 0.0475236 0.0458464 0.0879903 0.0660418 0.0643646
0.1 0.05 0.05 0.101935 0.0499849 0.0493694 0.0864342 0.0706525 0.0700369
0.1 0.05 0.05 0.0996591 0.0507174 0.0492008 0.0860193 0.0689038 0.0673872
0.1 0.05 0.05 0.0998163 0.0484011 0.0474376 0.0865753 0.0660557 0.0650922
0.1 0.05 0.05 0.10222 0.0479138 0.0476729 0.0870986 0.0680759 0.0678351
0.1 0.05 0.1 0.103352 0.0536351 0.103104 0.0944895 0.065452 0.114921
0.1 0.05 0.1 0.103352 0.0536351 0.103104 0.0944895 0.065452 0.114921
0.1 0.05 0.1 0.0969621 0.0532341 0.102007 0.0916739 0.060285 0.109058
0.1 0.05 0.1 0.101994 0.0482414 0.0968716 0.092183 0.0613227 0.109953
0.1 0.05 0.1 0.0963806 0.0612529 0.110534 0.0882212 0.072132 0.121413
0.1 0.05 0.1 0.104947 0.0530037 0.102142 0.0957484 0.0652688 0.114407
0.1 0.05 0.1 0.100199 0.0519612 0.10482 0.0909867 0.0642443 0.117103
0.1 0.05 0.1 0.0952546 0.0597892 0.1085 0.0859915 0.07214 0.12085
0.1 0.05 0.1 0.102271 0.0432298 0.0913157 0.0893663 0.0604358 0.108522
0.1 0.05 0.1 0.0939761 0.0606356 0.108579 0.0875464 0.0692085 0.117152
0.1 0.05 0.1 0.100401 0.0500267 0.100994 0.0891516 0.0650266 0.115994
0.1 0.05 0.1 0.105419 0.040177 0.0902614 0.095731 0.053094 0.103178
0.1 0.05 0.1 0.0923169 0.0608452 0.110769 0.0866295 0.0684283 0.118352
0.1 0.05 0.1 0.10374 0.051089 0.100665 0.0969452 0.0601489 0.109725
0.1 0.05 0.1 0.104587 0.0465919 0.096248 0.0949772 0.0594049 0.109061
0.1 0.05 0.1 0.105348 0.0426646 0.0914643 0.0918695 0.0606355 0.109435
0.1 0.05 0.1 0.11067 0.0480265 0.0959876 0.101618 0.0600959 0.108057
0.1 0.05 0.1 0.102787 0.042061 0.0925289 0.0946318 0.052934 0.103402
0.1 0.05 0.1 0.095348 0.054814 0.105692 0.0888971 0.0634152 0.114294
0.1 0.05 0.1 0.096457 0.0589662 0.109354 0.0900539 0.0675038 0.117891
0.1 0.05 0.1 0.100306 0.0526763 0.101877 0.0936369 0.061569 0.11077
0.1 0.05 0.1 0.103292 0.047395 0.0991297 0.0980035 0.0544464 0.106181
0.1 0.05 0.1 0.0981703 0.0544841 0.102864 0.085379 0.0715391 0.119919
0.1 0.05 0.1 0.0969804 0.0534437 0.103483 0.0900554 0.0626771 0.112717
0.1 0.05 0.1 0.0978687 0.0522203 0.0989859 0.0938192 0.0576196 0.104385
0.1 0.05 0.1 0.101564 0.0501155 0.0993879 0.0918687 0.0630423 0.112315
0.1 0.05 0.1 0.10282 0.0473088 0.0961263 0.0929083 0.0605247 0.109342
0.1 0.05 0.1 0.102641 0.0586925 0.106591 0.0946358 0.0693662 0.117265
0.1 0.05 0.1 0.103295 0.0545566 0.104855 0.0927199 0.0686567 0.118955
0.1 0.05 0.1 0.0984231 0.0494134 0.0985075 0.0890902 0.0618573 0.110951
0.1 0.1 0.01 0.100743 0.0973881 0.00751473 0.0872761 0.115344 0.0254711
0.1 0.1 0.01 0.100743 0.0973881 0.00751473 0.0872761 0.115344 0.0254711
0.1 0.1 0.01 0.100853 0.0989969 0.00882913 0.0875777 0.116698 0.02653
0.1 0.1 0.01 0.0986607 0.105003 0.01413 0.0854237 0.122652 0.0317794
0.1 0.1 0.01 0.0980027 0.105555 0.0139596 0.0862059 0.121284 0.0296887
0.1 0.1 0.01 0.1018 0.0978384 0.00774192 0.0851143 0.120086 0.02999
0.1 0.1 0.01 0.110388 0.0965054 0.00592725 0.0969062 0.114481 0.0239032
0.1 0.1 0.01 0.0959754 0.105969 0.0170503 0.0841006 0.121802 0.0328834
0.1 0.1 0.01 0.103927 0.101596 0.0114905 0.088846 0.121704 0.0315988
0.1 0.1 0.01 0.102108 0.0968045 0.00642254 0.0884716 0.114986 0.024604
0.1 0.1 0.01 0.105487 0.093235 0.00563649 0.0939516 0.108616 0.0210171
0.1 0.1 0.01 0.100469 0.0947885 0.00491512 0.0836895 0.117162 0.0272881
0.1 0.1 0.01 0.102997 0.0974396 0.00720038 0.0896924 0.115179 0.0249396
0.1 0.1 0.01 0.0908434 0.10891 0.0165658 0.0803958 0.122841 0.030496
0.1 0.1 0.01 0.102284 0.101667 0.0118922 0.0878244 0.120947 0.0311713
0.1 0.1 0.01 0.102782 0.0939673 0.00414743 0.0880612 0.113595 0.0237755
0.1 0.1 0.01 0.102762 0.0994039 0.00972679 0.0868028 0.120683 0.0310059
0.1 0.1 0.01 0.099516 0.104031 0.014024 0.0860419 0.121997 0.0319895
0.1 0.1 0.01 0.103856 0.0973868 0.00711191 0.0908525 0.114724 0.0244494
0.1 0.1 0.01 0.0942706 0.0980077 0.00888364 0.0795061 0.117694 0.0285697
0.1 0.1 0.01 0.101624 0.0974367 0.00697454 0.090161 0.11272 0.0222581
0.1 0.1 0.01 0.0943882 0.100855 0.0120431 0.0844066 0.114164 0.0253519
0.1 0.1 0.01 0.10158 0.102125 0.0116271 0.0886761 0.11933 0.0288319
0.1 0.1 0.01 0.103502 0.105219 0.0147117 0.0901248 0.123055 0.0325482
0.1 0.1 0.01 0.0966101 0.0948363 0.00542683 0.0826641 0.113431 0.0240215
0.1 0.1 0.01 0.105894 0.0984018 0.00651216 0.0899817 0.119618 0.027728
0.1 0.1 0.01 0.0954632 0.101931 0.0110588 0.0834838 0.117904 0.0270313
0.1 0.1 0.01 0.0965865 0.100512 0.00976402 0.0821914 0.119705 0.0289575
0.1 0.1 0.01 0.10154 0.100371 0.0104885 0.0915289 0.113718 0.023836
0.1 0.1 0.01 0.0936993 0.111384 0.0227414 0.0827504 0.125982 0.03734
0.1 0.1 0.05 0.105977 0.100475 0.0488026 0.0979132 0.111227 0.0595547
0.1 0.1 0.05 0.105977 0.100475 0.0488026 0.0979132 0.111227 0.0595547
0.1 0.1 0.05 0.100059 0.101213 0.0495228 0.0971728 0.105062 0.0533717
0.1 0.1 0.05 0.106077 0.0971424 0.0453095 0.100549 0.104514 0.0526809
0.1 0.1 0.05 0.0986719 0.101229 0.0500655 0.0923958 0.109598 0.0584337
0.1 0.1 0.05 0.102912 0.101532 0.0504927 0.0980999 0.107948 0.0569092
0.1 0.1 0.05 0.100206 0.103268 0.0535492 0.0954281 0.109638 0.0599193
0.1 0.1 0.05 0.101261 0.105072 0.0555589 0.098393 0.108897 0.0593834
0.1 0.1 0.05 0.104358 0.0879517 0.0380547 0.0934599 0.102483 0.0525858
0.1 0.1 0.05 0.0964776 0.10937 0.0570017 0.0970967 0.108544 0.0561763
0.1 0.1 0.05 0.0940764 0.106108 0.0587271 0.0911154 0.110056 0.0626751
0.1 0.1 0.05 0.108748 0.0846344 0.0348712 0.0997559 0.096624 0.0468608
0.1 0.1 0.05 0.096727 0.11065 0.0614577 0.0896861 0.120038 0.0708457
0.1 0.1 0.05 0.0964455 0.104328 0.0522186 0.0934252 0.108355 0.0562456
0.1 0.1 0.05 0.0992599 0.106935 0.0556192 0.0982379 0.108297 0.0569819
0.1 0.1 0.05 0.112228 0.0885902 0.0380152 0.10745 0.0949605 0.0443855
0.1 0.1 0.05 0.09702 0.101364 0.0513869 0.0942192 0.105099 0.0551214
0.1 0.1 0.05 0.112728 0.0915392 0.0410534 0.103483 0.103865 0.0533797
0.1 0.1 0.05 0.0934729 0.101568 0.0533752 0.0938901 0.101012 0.0528189
0.1 0.1 0.05 0.0983032 0.0993412 0.0497208 0.0963812 0.101904 0.0522835
0.1 0.1 0.05 0.104573 0.0951562 0.0444028 0.0983669 0.103431 0.0526773
0.1 0.1 0.05 0.0964546 0.098854 0.0498135 0.0915881 0.105343 0.0563021
0.1 0.1 0.05 0.100222 0.0977977 0.0470532 0.0904553 0.110819 0.0600749
0.1 0.1 0.05 0.108727 0.0892012 0.0393043 0.0967991 0.105105 0.055208
0.1 0.1 0.05 0.095542 0.103569 0.0529315 0.0938283 0.105854 0.0552165
0.1 0.1 0.05 0.0916038 0.111577 0.0589767 0.0870819 0.117606 0.065006
0.1 0.1 0.05 0.097999 0.104259 0.0541661 0.0965672 0.106168 0.0560751
0.1 0.1 0.05 0.105896 0.0920139 0.0421704 0.0961456 0.105014 0.0551706
0.1 0.1 0.05 0.102746 0.093911 0.0429524 0.0941593 0.105361 0.054402
0.1 0.1 0.05 0.0915113 0.110777 0.0611832 0.0928214 0.10903 0.0594364
0.1 0.1 0.1 0.0955282 0.116371 0.115648 0.10549 0.103088 0.102366
0.1 0.1 0.1 0.0955282 0.116371 0.115648 0.10549 0.103088 0.102366
0.1 0.1 0.1 0.0866187 0.11626 0.11552 0.102372 0.0952559 0.0945154
0.1 0.1 0.1 0.111839 0.0840635 0.0826272 0.106807 0.0907732 0.0893368
0.1 0.1 0.1 0.10722 0.0955793 0.0950708 0.102613 0.101722 0.101214
0.1 0.1 0.1 0.110693 0.0946294 0.0933269 0.111178 0.0939831 0.0926806
0.1 0.1 0.1 0.106421 0.0934074 0.0964228 0.112184 0.0857229 0.0887383
0.1 0.1 0.1 0.099084 0.100537 0.0991987 0.100892 0.0981267 0.0967885
0.1 0.1 0.1 0.104267 0.0913767 0.0903507 0.103673 0.0921689 0.091143
0.1 0.1 0.1 0.0896666 0.118945 0.116305 0.101361 0.103353 0.100713
0.1 0.1 0.1 0.111467 0.0879541 0.0891674 0.103498 0.0985784 0.0997917
0.1 0.1 0.1 0.109689 0.085279 0.0856359 0.107961 0.0875827 0.0879395
0.1 0.1 0.1 0.087799 0.116364 0.116953 0.0936937 0.108504 0.109093
0.1 0.1 0.1 0.0872164 0.123734 0.12228 0.110338 0.0929049 0.0914508
0.1 0.1 0.1 0.0969011 0.105957 0.105984 0.100782 0.100782 0.100809
0.1 0.1 0.1 0.112388 0.0818099 0.0814709 0.107249 0.0886623 0.0883233
0.1 0.1 0.1 0.103268 0.108431 0.1067 0.105696 0.105193 0.103462
0.1 0.1 0.1 0.113213 0.0763398 0.0758938 0.113166 0.0764035 0.0759574
0.1 0.1 0.1 0.104826 0.0909695 0.0922809 0.101093 0.0959468 0.0972582
0.1 0.1 0.1 0.0964748 0.10966 0.110338 0.102484 0.101647 0.102325
0.1 0.1 0.1 0.106621 0.0923343 0.0916205 0.108249 0.0901634 0.0894497
0.1 0.1 0.1 0.10011 0.104396 0.10693 0.113207 0.0869341 0.0894678
0.1 0.1 0.1 0.0963122 0.110358 0.10769 0.105354 0.0983021 0.0956346
0.1 0.1 0.1 0.0908432 0.111668 0.111498 0.0967584 0.103781 0.103611
0.1 0.1 0.1 0.0962181 0.105333 0.10313 0.105891 0.0924361 0.0902325
0.1 0.1 0.1 0.0952012 0.113257 0.11149 0.10604 0.098805 0.0970386
0.1 0.1 0.1 0.102891 0.091312 0.0908034 0.10192 0.0926072 0.0920986
0.1 0.1 0.1 0.105241 0.101482 0.100822 0.105955 0.10053 0.09987
0.1 0.1 0.1 0.106853 0.100386 0.100591 0.10636 0.101045 0.10125
0.1 0.1 0.1 0.084365 0.119707 0.119484 0.102671 0.0952991 0.095076
